1.1833609150815065,6.782811289558579
1.9616763793137124,6.715509615597428
2.6009053950650283,6.761808335030155
3.2053654829780855,6.650096990631685
3.9769564944740647,6.585683603239494
4.197630461148357,6.578306876991114
4.404237657864814,6.156155541370453
4.375775452255588,5.621544595677278
4.496737286808624,4.8307423229304405
4.587274021818206,4.14462801798261
4.325448755374229,3.4651415682450115
3.7903803381902756,3.16302389161773
3.1508319418417403,2.830118155555202
2.5086390495910766,2.6732183977150323
2.055049884531302,2.5311056004826953
1.5604539560957593,2.3599582564767103
1.488674549243239,1.7252674922570885

1.1833609150815065,6.782811289558579
1.9616763793137124,6.715509615597428
2.6009053950650283,6.761808335030155
3.2053654829780855,6.650096990631685
3.9769564944740647,6.585683603239494
4.197630461148357,6.578306876991114
4.404237657864814,6.156155541370453
4.375775452255588,5.621544595677278
4.496737286808624,4.8307423229304405
4.587274021818206,4.14462801798261
4.594377566171548,3.5288560762140175
4.505075982549381,2.7621666808917498
4.504351968763748,2.559179067129715
4.422870872638948,1.810477371805899
4.06306530758599,1.4752909528325944
3.730088068629071,1.2278639934446105

1.1833609150815065,6.782811289558579
1.9616763793137124,6.715509615597428
2.6009053950650283,6.761808335030155
3.2053654829780855,6.650096990631685
3.9769564944740647,6.585683603239494
4.197630461148357,6.578306876991114
4.404237657864814,6.156155541370453
4.375775452255588,5.621544595677278
4.496737286808624,4.8307423229304405
4.587274021818206,4.14462801798261
4.594377566171548,3.5288560762140175
4.635780992246633,2.970876764346758
4.679847983647123,2.4140654894082885
4.8049548239888304,1.7282726961859205

1.1833609150815065,6.782811289558579
1.9616763793137124,6.715509615597428
2.6009053950650283,6.761808335030155
3.2053654829780855,6.650096990631685
3.9769564944740647,6.585683603239494
4.197630461148357,6.578306876991114
4.408876757303093,6.151526193860928
4.665047668478284,5.393649908265664
4.6503958300894475,5.3608161126639615
4.793374657696774,4.574192713240351
4.926078052763637,3.787529400356628
5.134647972702728,3.0518523335229233
5.302407353654029,2.6149249427406165
5.4776664939900375,1.8655916948336486
5.548833644466071,1.6970135260190045
6.254294287110854,1.3197532953039057

1.1833609150815065,6.782811289558579
1.9616763793137124,6.715509615597428
2.6009053950650283,6.761808335030155
3.2053654829780855,6.650096990631685
3.9769564944740647,6.585683603239494
4.197630461148357,6.578306876991114
4.404237657864814,6.156155541370453
4.375775452255588,5.621544595677278
4.496737286808624,4.8307423229304405
4.587274021818206,4.14462801798261
4.615427982896711,3.783086885612209
4.083420961439971,3.593564397591126
4.007976570435492,3.597074730861832
3.276101727202593,3.47218365210675
2.545391526432947,3.3530348825678575
2.2513905249862205,3.3066379034241993
1.6351492511417154,3.2120486657084335

1.1833609150815065,6.782811289558579
1.9616763793137124,6.715509615597428
2.6009053950650283,6.761808335030155
3.2053654829780855,6.650096990631685
3.9769564944740647,6.585683603239494
4.197630461148357,6.578306876991114
4.404237657864814,6.156155541370453
4.375775452255588,5.621544595677278
4.496737286808624,4.8307423229304405
4.587274021818206,4.14462801798261
4.615427982896711,3.783086885612209
4.083420961439971,3.593564397591126
3.5048582694402715,3.4368552831764374

1.1833609150815065,6.782811289558579
1.9616763793137124,6.715509615597428
2.6009053950650283,6.761808335030155
3.2053654829780855,6.650096990631685
3.9769564944740647,6.585683603239494
4.197630461148357,6.578306876991114
4.408876757303093,6.151526193860928
4.665047668478284,5.393649908265664
4.6503958300894475,5.3608161126639615
4.756613426524846,4.59387066599186
4.85647632601296,4.05006742662923
4.869057445381347,3.7444793242890233

1.1833609150815065,6.782811289558579
1.9616763793137124,6.715509615597428
2.6009053950650283,6.761808335030155
3.2053654829780855,6.650096990631685
3.9769564944740647,6.585683603239494
4.197630461148357,6.578306876991114
4.408876757303093,6.151526193860928
4.665047668478284,5.393649908265664
4.6503958300894475,5.3608161126639615
4.793374657696774,4.574192713240351
4.926078052763637,3.787529400356628
5.134647972702728,3.0518523335229233
5.302407353654029,2.6149249427406165
5.4776664939900375,1.8655916948336486
5.548833644466071,1.6970135260190045
6.045521439633664,1.449957884224589
6.358365644654193,1.7299947217980451
6.844540071390788,2.327146122627334

1.1833609150815065,6.782811289558579
1.2483723405078053,6.230779802474671
1.3117651670705852,5.7116450379383155

1.1833609150815065,6.782811289558579
1.4467816587439077,6.079246901173942
1.5054655846451115,5.715219012385455
2.0228093648616636,5.570513851538519
2.27635584242456,5.5741645438755505

1.1833609150815065,6.782811289558579
1.9616763793137124,6.715509615597428
2.6009053950650283,6.761808335030155
3.2053654829780855,6.650096990631685
3.9769564944740647,6.585683603239494
4.197630461148357,6.578306876991114
4.404237657864814,6.156155541370453
4.375775452255588,5.621544595677278

1.1833609150815065,6.782811289558579
1.9616763793137124,6.715509615597428
2.6009053950650283,6.761808335030155
3.2053654829780855,6.650096990631685
3.9769564944740647,6.585683603239494
4.7018883617255405,6.275889758530469
5.137126166976962,5.968917349385869
5.592648471202871,5.687912712848919
6.263043700081655,5.251369201733975

1.1833609150815065,6.782811289558579
1.7312670765045644,6.670732562565737
2.275255905431976,6.55683849407735

1.1833609150815065,6.782811289558579
1.6890554837490273,6.963258598954097
2.323565366249215,7.2768483342900545
2.5812018343987027,7.344019632208759
3.2501625647906547,7.448841769307
3.5814993346295836,7.522239870732783
4.275037266339891,7.645185629261196

1.1833609150815065,6.782811289558579
1.9616763793137124,6.715509615597428
2.6009053950650283,6.761808335030155
3.2053654829780855,6.650096990631685
3.9769564944740647,6.585683603239494
4.7018883617255405,6.275889758530469
5.137126166976962,5.968917349385869
5.592648471202871,5.687912712848919
6.086967785689372,5.5556058973472755
6.162748568657569,5.576295073571354
6.440283838775848,5.817892591563727
6.634120431665346,6.251396977509901

0.8032770746902524,6.92868943887935
1.5907213186486884,6.787510252535444
1.8581191648842132,6.761705390652955
2.655742980454998,6.700091684107231
3.4538302548739948,6.644804231548293
3.8683632763285023,6.565092282216785
4.369835832248194,6.414365716287218
4.42455179005308,5.643281012892271
4.477745962838298,4.845051484509804
4.467664374685675,4.478166233986353
4.516959848220961,3.803289138542569
4.186499051728731,3.6006814510686187
3.6832937080370547,3.305680803437452
3.077112386920359,2.976307777908398
2.5848367061259654,2.7196325830804895
2.0403086080960877,2.4993633857506277
1.479758908184489,2.198508912528173
1.2858308249788142,1.6803761427386588

0.8032770746902524,6.92868943887935
1.5907213186486884,6.787510252535444
1.8581191648842132,6.761705390652955
2.655742980454998,6.700091684107231
3.4538302548739948,6.644804231548293
3.8683632763285023,6.565092282216785
4.369835832248194,6.414365716287218
4.42455179005308,5.643281012892271
4.477745962838298,4.845051484509804
4.467664374685675,4.478166233986353
4.516959848220961,3.803289138542569
4.515310296777205,3.674044842463478
4.489786775999487,2.954162775104423
4.4764722231275975,2.5735469782638307
4.397754329097913,1.7774292148898865
4.071617017120187,1.5039131794311502
3.6981372538954416,1.4534688556850788

0.8032770746902524,6.92868943887935
1.5907213186486884,6.787510252535444
1.8581191648842132,6.761705390652955
2.655742980454998,6.700091684107231
3.4538302548739948,6.644804231548293
3.8683632763285023,6.565092282216785
4.369835832248194,6.414365716287218
4.42455179005308,5.643281012892271
4.477745962838298,4.845051484509804
4.467664374685675,4.478166233986353
4.516959848220961,3.803289138542569
4.515310296777205,3.674044842463478
4.489786775999487,2.954162775104423
4.4764722231275975,2.5735469782638307
4.468332964907177,1.7755261277858956
4.489122919186682,1.685443528004964

0.8032770746902524,6.92868943887935
1.5907213186486884,6.787510252535444
1.8581191648842132,6.761705390652955
2.655742980454998,6.700091684107231
3.4538302548739948,6.644804231548293
4.241248633694385,6.503480855223393
4.614567882860364,5.795926802021696
4.701348416368855,5.305621437430076
4.786926010504537,4.51021181001666
4.827361718995934,4.258289901536084
4.9849164381220366,3.490594787435684
5.14969575912777,2.707748841307782
5.271894800132708,2.179813616924987
5.554895417427969,1.5521678031430095
6.309892505725628,1.6110621886898304

0.8032770746902524,6.92868943887935
1.5907213186486884,6.787510252535444
1.8581191648842132,6.761705390652955
2.655742980454998,6.700091684107231
3.4538302548739948,6.644804231548293
3.8683632763285023,6.565092282216785
4.369835832248194,6.414365716287218
4.42455179005308,5.643281012892271
4.477745962838298,4.845051484509804
4.467664374685675,4.478166233986353
4.516959848220961,3.803289138542569
4.186499051728731,3.6006814510686187
3.426565363981687,3.4325956177180723
2.828832766643371,3.2585060084215054
2.3085954707166216,3.198527825403438
1.738284974969159,3.096079174714454

0.8032770746902524,6.92868943887935
1.5907213186486884,6.787510252535444
1.8581191648842132,6.761705390652955
2.655742980454998,6.700091684107231
3.4538302548739948,6.644804231548293
3.8683632763285023,6.565092282216785
4.369835832248194,6.414365716287218
4.42455179005308,5.643281012892271
4.477745962838298,4.845051484509804
4.467664374685675,4.478166233986353
4.516959848220961,3.803289138542569
4.186499051728731,3.6006814510686187
3.7301728190047254,3.520554969842939

0.8032770746902524,6.92868943887935
1.5907213186486884,6.787510252535444
1.8581191648842132,6.761705390652955
2.655742980454998,6.700091684107231
3.4538302548739948,6.644804231548293
3.8683632763285023,6.565092282216785
4.369835832248194,6.414365716287218
4.42455179005308,5.643281012892271
4.477745962838298,4.845051484509804
4.467664374685675,4.478166233986353
4.516959848220961,3.803289138542569
4.515310296777205,3.674044842463478

0.8032770746902524,6.92868943887935
1.5907213186486884,6.787510252535444
1.8581191648842132,6.761705390652955
2.655742980454998,6.700091684107231
3.4538302548739948,6.644804231548293
4.241248633694385,6.503480855223393
4.614567882860364,5.795926802021696
4.701348416368855,5.305621437430076
4.786926010504537,4.51021181001666
4.827361718995934,4.258289901536084
4.9849164381220366,3.490594787435684
5.14969575912777,2.707748841307782
5.271894800132708,2.179813616924987
5.554895417427969,1.5521678031430095
6.309892505725628,1.6110621886898304
6.5663670114593975,2.3688357880640885

0.8032770746902524,6.92868943887935
0.9092840937233456,6.162244451468778
0.9507199789686919,5.736872425372127

0.8032770746902524,6.92868943887935
1.0919448894366133,6.538643712040195
1.295790229528179,6.225993911444478
1.5750400539088594,5.7186579306214185
1.7878421435388798,5.586270398089315
2.2723289395414494,5.52923553047768

0.8032770746902524,6.92868943887935
1.5907213186486884,6.787510252535444
1.8581191648842132,6.761705390652955
2.655742980454998,6.700091684107231
3.4538302548739948,6.644804231548293
3.8683632763285023,6.565092282216785
4.369835832248194,6.414365716287218
4.42455179005308,5.643281012892271

0.8032770746902524,6.92868943887935
1.5907213186486884,6.787510252535444
1.8581191648842132,6.761705390652955
2.655742980454998,6.700091684107231
3.4538302548739948,6.644804231548293
3.8683632763285023,6.565092282216785
4.513921808130562,6.272359131646646
4.747293677292469,5.9932443434722495
5.49540918867932,5.709830897033322
6.10737330410249,5.529729039580476
6.376855720871198,5.597608642683931

0.8032770746902524,6.92868943887935
1.1826297142933262,7.0124560913669765
1.6984631431557844,7.0846407737265364
2.322314332677877,7.167602571862686

0.8032770746902524,6.92868943887935
1.259106113104342,6.939177776702618
1.7187356712597028,6.950015800448946
2.3844266690985156,7.002847784948684
2.8330717317761795,7.024123327275033
3.261663793166292,7.017531080965026
3.7681235313753714,6.927152878078351
4.28562340246331,6.898221123910231

0.8032770746902524,6.92868943887935
1.5907213186486884,6.787510252535444
1.8581191648842132,6.761705390652955
2.655742980454998,6.700091684107231
3.4538302548739948,6.644804231548293
3.8683632763285023,6.565092282216785
4.513921808130562,6.272359131646646
4.747293677292469,5.9932443434722495
5.49540918867932,5.709830897033322
6.10737330410249,5.529729039580476
6.473773057441707,5.832314761541456
6.485302600291025,6.532986018148687

1.846312098455015,7.698103529776441
2.607578364055598,7.452189575600305
3.3076131322762627,7.0848298889340535
3.761178200534312,6.847193265875022
4.323832794341306,6.395040181881229
4.532316911039867,5.828601627868325
4.485867980099387,5.061383786306258
4.4426501414761015,4.320242525396453
4.381556872552406,3.7176366407928443
4.20984743608054,3.4573921075513496
3.5276056597713517,3.214983865127202
3.410782998107636,3.179235281629665
2.7316429868712704,2.8770607159800097
2.281807833418009,2.6806089926093497
1.5741496449193302,2.307487178384064
1.2657808659284422,1.7444110324275708

1.846312098455015,7.698103529776441
2.607578364055598,7.452189575600305
3.3076131322762627,7.0848298889340535
3.761178200534312,6.847193265875022
4.323832794341306,6.395040181881229
4.532316911039867,5.828601627868325
4.485867980099387,5.061383786306258
4.471523721150231,4.379183266515716
4.513787370781495,3.764946652936027
4.47456045827497,3.124585185834145
4.409351384886371,2.5841598805112973
4.482474546031841,1.98792594601079
4.229259708461433,1.544063982591377
3.581126250788649,1.36424986882162

1.846312098455015,7.698103529776441
2.607578364055598,7.452189575600305
3.3076131322762627,7.0848298889340535
3.761178200534312,6.847193265875022
4.323832794341306,6.395040181881229
4.532316911039867,5.828601627868325
4.485867980099387,5.061383786306258
4.576145320662798,4.331604952700057
4.699855455843955,3.5627166669197052
4.783873821261093,3.056033999087937
4.861053993110582,2.6015554518298916
4.962243118784225,1.9415015880158408
4.946539392815688,1.7295725149838341

1.846312098455015,7.698103529776441
2.607578364055598,7.452189575600305
3.3076131322762627,7.0848298889340535
3.761178200534312,6.847193265875022
4.323832794341306,6.395040181881229
4.532316911039867,5.828601627868325
4.753849305743011,5.05988620711947
4.962462331365631,4.359451200426052
5.221429734503193,3.6334600593764557
5.468807066955701,2.9063889060097168
5.528125930086094,2.3823385729751108
5.566119570726025,1.8422526564717159
5.817664838478138,1.5665000701053189
6.263372175293659,1.5367582686429682

1.846312098455015,7.698103529776441
2.607578364055598,7.452189575600305
3.3076131322762627,7.0848298889340535
3.761178200534312,6.847193265875022
4.323832794341306,6.395040181881229
4.532316911039867,5.828601627868325
4.485867980099387,5.061383786306258
4.4426501414761015,4.320242525396453
4.381556872552406,3.7176366407928443
4.20984743608054,3.4573921075513496
3.410686314642115,3.420765587360646
2.9234950689383075,3.5218801415002594
2.1537551753610615,3.620007275987276
1.7141455542340802,3.6238151851458342

1.846312098455015,7.698103529776441
2.607578364055598,7.452189575600305
3.3076131322762627,7.0848298889340535
3.761178200534312,6.847193265875022
4.323832794341306,6.395040181881229
4.532316911039867,5.828601627868325
4.485867980099387,5.061383786306258
4.4426501414761015,4.320242525396453
4.381556872552406,3.7176366407928443
3.9368475808934362,3.1799220846804364
3.7279015398934474,2.991988279403495

1.846312098455015,7.698103529776441
2.607578364055598,7.452189575600305
3.3076131322762627,7.0848298889340535
3.761178200534312,6.847193265875022
4.323832794341306,6.395040181881229
4.532316911039867,5.828601627868325
4.485867980099387,5.061383786306258
4.4426501414761015,4.320242525396453
4.381556872552406,3.7176366407928443

1.846312098455015,7.698103529776441
2.607578364055598,7.452189575600305
3.3076131322762627,7.0848298889340535
3.761178200534312,6.847193265875022
4.323832794341306,6.395040181881229
4.532316911039867,5.828601627868325
4.753849305743011,5.05988620711947
4.962462331365631,4.359451200426052
5.221429734503193,3.6334600593764557
5.468807066955701,2.9063889060097168
5.528125930086094,2.3823385729751108
5.566119570726025,1.8422526564717159
5.817664838478138,1.5665000701053189
6.200393991121069,1.5856078357516512
6.517311110646387,1.8303582434876249
6.844010824391499,2.2565100321186673

1.846312098455015,7.698103529776441
1.6707709844396599,7.253622457965025
1.5853019423815495,6.684180723921212
1.5690767596506074,5.913690983453756
1.742786171783942,5.5892285741933465

1.846312098455015,7.698103529776441
1.6707709844396599,7.253622457965025
1.5853019423815495,6.684180723921212
1.5690767596506074,5.913690983453756
1.742786171783942,5.5892285741933465
2.4885388111694384,5.441281465894041

1.846312098455015,7.698103529776441
2.607578364055598,7.452189575600305
3.3076131322762627,7.0848298889340535
3.761178200534312,6.847193265875022
4.323832794341306,6.395040181881229
4.75723783680548,5.748034186358569

1.846312098455015,7.698103529776441
2.197047996794187,7.454167965107087
2.7741064590105413,7.205650850044695
3.273053417330669,6.994184827405793
3.587118247283094,6.864971819902154
4.106892884316181,6.628893502670563
4.31911323740144,6.428458900550581
4.995617124504945,6.057046545013917
5.4778308014603985,5.768153066185983
5.736142133525143,5.6116177903547655
6.2664350366192245,5.319403207441881

1.846312098455015,7.698103529776441
2.2568561493991233,7.357744716166856

1.846312098455015,7.698103529776441
2.4777909536167764,7.484680054333959
3.048122131339259,7.456142850144215
3.6197734843243023,7.396998234923065
4.325613424202662,7.448123652378475

1.846312098455015,7.698103529776441
2.197047996794187,7.454167965107087
2.7741064590105413,7.205650850044695
3.273053417330669,6.994184827405793
3.587118247283094,6.864971819902154
4.106892884316181,6.628893502670563
4.31911323740144,6.428458900550581
4.995617124504945,6.057046545013917
5.4778308014603985,5.768153066185983
6.056187936527268,5.424749260414047
6.572059014443302,5.771782405230542
6.546851844467032,6.321709208842429

1.299178429614202,6.41771136571643
1.7959252784265436,6.5550966010137275
2.5102450446822533,6.58695594189823
3.2186534948704217,6.477613709614426
3.3962593990002032,6.486135791392228
4.182525105566442,6.538374107510574
4.535797142255301,6.041860634853338
4.593743053338691,5.488518346649869
4.449114338141443,4.763685613605196
4.421116026734558,4.4060782205525
4.404079777186338,3.95056830981445
4.245561993455306,3.3485642198492283
3.5123468724351534,3.0471312567495668
2.870395201026866,2.802109374520856
2.3433898732008607,2.5687441946729512
1.9792835075610984,2.5244648071104354
1.5795924652328281,2.245584851797566
1.5790510555515398,1.6611987021520518

1.299178429614202,6.41771136571643
1.7959252784265436,6.5550966010137275
2.5102450446822533,6.58695594189823
3.2186534948704217,6.477613709614426
3.3962593990002032,6.486135791392228
4.182525105566442,6.538374107510574
4.535797142255301,6.041860634853338
4.593743053338691,5.488518346649869
4.5705892494552325,4.785556941783613
4.518529508821557,4.056568245811012
4.524073163106973,3.420646566452703
4.489067658031369,2.787405176501022
4.468694395433169,2.228185740967075
4.5564044859801225,1.6483133959145793
4.063277513571408,1.5114787041010174
3.6811075972004024,1.437119628614166

1.299178429614202,6.41771136571643
1.7959252784265436,6.5550966010137275
2.5102450446822533,6.58695594189823
3.2186534948704217,6.477613709614426
3.3962593990002032,6.486135791392228
4.182525105566442,6.538374107510574
4.535797142255301,6.041860634853338
4.593743053338691,5.488518346649869
4.687542461707462,4.79784011609756
4.712401369181761,3.998226437675796
4.7705787935622,3.239457579340268
4.845527260085007,2.442976112282886
4.863254363020473,1.7403893722146129

1.299178429614202,6.41771136571643
1.7959252784265436,6.5550966010137275
2.5102450446822533,6.58695594189823
3.2186534948704217,6.477613709614426
3.3962593990002032,6.486135791392228
4.182525105566442,6.538374107510574
4.535797142255301,6.041860634853338
4.723153433448847,5.4596705893592885
4.880938619868269,4.780271957534476
5.007602785907451,4.003538482813663
5.082392614256115,3.6120570409733315
5.262027230726468,2.8690652874744447
5.526563177335267,2.124817878738929
5.777837178540671,1.3723391464125694
6.3804023612098915,0.9785933957245145

1.299178429614202,6.41771136571643
1.7959252784265436,6.5550966010137275
2.5102450446822533,6.58695594189823
3.2186534948704217,6.477613709614426
3.3962593990002032,6.486135791392228
4.182525105566442,6.538374107510574
4.535797142255301,6.041860634853338
4.593743053338691,5.488518346649869
4.687542461707462,4.79784011609756
4.712401369181761,3.998226437675796
4.183087074774852,3.5208191166277927
3.4850661258693454,3.3719721534772003
2.7121527196580066,3.3100506441105377
2.338281916097439,3.291831757580137
1.70892963859344,3.287081706977819

1.299178429614202,6.41771136571643
1.7959252784265436,6.5550966010137275
2.5102450446822533,6.58695594189823
3.2186534948704217,6.477613709614426
3.3962593990002032,6.486135791392228
4.182525105566442,6.538374107510574
4.535797142255301,6.041860634853338
4.593743053338691,5.488518346649869
4.687542461707462,4.79784011609756
4.712401369181761,3.998226437675796
4.183087074774852,3.5208191166277927
3.7456183220507357,3.6050593112294895

1.299178429614202,6.41771136571643
1.7959252784265436,6.5550966010137275
2.5102450446822533,6.58695594189823
3.2186534948704217,6.477613709614426
3.3962593990002032,6.486135791392228
4.182525105566442,6.538374107510574
4.535797142255301,6.041860634853338
4.593743053338691,5.488518346649869
4.5705892494552325,4.785556941783613
4.646465638095936,4.427646997565919
4.854188182930943,3.7334352933411794

1.299178429614202,6.41771136571643
1.7959252784265436,6.5550966010137275
2.5102450446822533,6.58695594189823
3.2186534948704217,6.477613709614426
3.3962593990002032,6.486135791392228
4.182525105566442,6.538374107510574
4.535797142255301,6.041860634853338
4.723153433448847,5.4596705893592885
4.880938619868269,4.780271957534476
5.007602785907451,4.003538482813663
5.082392614256115,3.6120570409733315
5.262027230726468,2.8690652874744447
5.410336550238602,2.0829327631849024
5.401963026200842,1.9638596974605087
5.90499918359797,1.5032269104907974
5.949901760791765,1.5190212186440757
6.695553159713156,1.8088556391095783
6.660402109330436,2.331757195370336

1.299178429614202,6.41771136571643
1.0828632177478306,5.709098646951309

1.299178429614202,6.41771136571643
1.455174312808112,6.027078717583418
1.6226973869613284,5.621141065163614
2.3256012658230585,5.484617243506617

1.299178429614202,6.41771136571643
1.7959252784265436,6.5550966010137275
2.5102450446822533,6.58695594189823
3.2186534948704217,6.477613709614426
3.3962593990002032,6.486135791392228
4.182525105566442,6.538374107510574
4.535797142255301,6.041860634853338
4.626504774476384,5.691396238828379

1.299178429614202,6.41771136571643
1.7959252784265436,6.5550966010137275
2.5102450446822533,6.58695594189823
3.2186534948704217,6.477613709614426
3.8820555558531,6.480751785563378
4.565261616186963,6.281216251168876
4.89663497817633,6.095804371807101
5.2513014492081025,5.832552133724549
5.85983119580792,5.590879374151898
6.296417966121208,5.614035570543825

1.299178429614202,6.41771136571643
1.9185340694449118,6.7048986186919475
2.2692799387035474,6.814533711045008

1.299178429614202,6.41771136571643
1.7959252784265436,6.5550966010137275
2.5102450446822533,6.58695594189823
3.2186534948704217,6.477613709614426
3.3962593990002032,6.486135791392228
4.182525105566442,6.538374107510574
4.320709588710422,6.586220613476139

1.299178429614202,6.41771136571643
1.7959252784265436,6.5550966010137275
2.5102450446822533,6.58695594189823
3.2186534948704217,6.477613709614426
3.8820555558531,6.480751785563378
4.565261616186963,6.281216251168876
4.89663497817633,6.095804371807101
5.2513014492081025,5.832552133724549
5.85983119580792,5.590879374151898
6.296417966121208,5.614035570543825
6.654088008590262,6.29498442710604

1.3708468444106743,6.302693194955718
1.7529865584743984,6.404963614482977
2.359690642188912,6.57560758574976
2.671609622524352,6.448663107814002
3.2874097897124943,6.5166268466717465
4.05941718748871,6.552800737388437
4.2104821461028745,6.555237073792433
4.360228845859163,6.232989040533078
4.406283480166524,6.078106123809607
4.417190154290818,5.619976379674284
4.392348489091083,4.820578122670612
4.475966759818614,4.02496013343172
4.256181113971596,3.398978410738486
3.5662048768406334,3.093464579329057
3.118401142369613,2.957619399719143
2.4378342565382036,2.762417189928253
1.8331946697683246,2.630355637942187
1.4768314225011787,1.9141117995762187
1.4262114811452713,1.697993810874003

1.3708468444106743,6.302693194955718
1.7529865584743984,6.404963614482977
2.359690642188912,6.57560758574976
2.671609622524352,6.448663107814002
3.2874097897124943,6.5166268466717465
4.05941718748871,6.552800737388437
4.2104821461028745,6.555237073792433
4.360228845859163,6.232989040533078
4.406283480166524,6.078106123809607
4.417190154290818,5.619976379674284
4.392348489091083,4.820578122670612
4.400159532844499,4.240224989311621
4.422895816254059,3.440548141193132
4.436124890985738,2.8946140126021436
4.4109764453626035,2.389492664560557
4.383058885911795,1.7397326485570543
4.303460448539035,1.6161830130871135
3.655885289959667,1.6014204920822712

1.3708468444106743,6.302693194955718
1.7529865584743984,6.404963614482977
2.359690642188912,6.57560758574976
2.671609622524352,6.448663107814002
3.2874097897124943,6.5166268466717465
4.05941718748871,6.552800737388437
4.2104821461028745,6.555237073792433
4.360228845859163,6.232989040533078
4.406283480166524,6.078106123809607
4.417190154290818,5.619976379674284
4.392348489091083,4.820578122670612
4.400159532844499,4.240224989311621
4.422895816254059,3.440548141193132
4.436124890985738,2.8946140126021436
4.4109764453626035,2.389492664560557
4.383058885911795,1.7397326485570543

1.3708468444106743,6.302693194955718
1.7529865584743984,6.404963614482977
2.359690642188912,6.57560758574976
2.671609622524352,6.448663107814002
3.2874097897124943,6.5166268466717465
4.05941718748871,6.552800737388437
4.2104821461028745,6.555237073792433
4.360228845859163,6.232989040533078
4.506676548348127,5.446507591015225
4.655813226283715,4.994212419638289
4.84933633634183,4.30585644329908
5.044055432790198,3.537737402325065
5.142671542153921,3.1558827777748713
5.336366222357896,2.3796853989718505
5.372246994590198,2.199173762436126
5.655099941588415,1.6040211347485296
6.343925389979226,1.5884535726673996

1.3708468444106743,6.302693194955718
1.7529865584743984,6.404963614482977
2.359690642188912,6.57560758574976
2.671609622524352,6.448663107814002
3.2874097897124943,6.5166268466717465
4.05941718748871,6.552800737388437
4.2104821461028745,6.555237073792433
4.360228845859163,6.232989040533078
4.406283480166524,6.078106123809607
4.417190154290818,5.619976379674284
4.502371773055206,4.824524249232308
4.683334444711029,4.0753954655487625
4.645205582887831,3.970175704688927
4.073972794780386,3.5140002570403666
3.550573619223213,3.393226599915922
3.1426247870356674,3.3147943924087175
2.352582208428563,3.1889662398043135
1.7188946954767628,2.9956906840196806

1.3708468444106743,6.302693194955718
1.7529865584743984,6.404963614482977
2.359690642188912,6.57560758574976
2.671609622524352,6.448663107814002
3.2874097897124943,6.5166268466717465
4.05941718748871,6.552800737388437
4.2104821461028745,6.555237073792433
4.360228845859163,6.232989040533078
4.406283480166524,6.078106123809607
4.417190154290818,5.619976379674284
4.502371773055206,4.824524249232308
4.683334444711029,4.0753954655487625
4.645205582887831,3.970175704688927
4.073972794780386,3.5140002570403666
3.7057986989994456,3.594503739878045

1.3708468444106743,6.302693194955718
1.7529865584743984,6.404963614482977
2.359690642188912,6.57560758574976
2.671609622524352,6.448663107814002
3.2874097897124943,6.5166268466717465
4.05941718748871,6.552800737388437
4.2104821461028745,6.555237073792433
4.360228845859163,6.232989040533078
4.406283480166524,6.078106123809607
4.417190154290818,5.619976379674284
4.502371773055206,4.824524249232308
4.683334444711029,4.0753954655487625
4.723010214720361,3.691441911494489

1.3708468444106743,6.302693194955718
1.7529865584743984,6.404963614482977
2.359690642188912,6.57560758574976
2.671609622524352,6.448663107814002
3.2874097897124943,6.5166268466717465
4.05941718748871,6.552800737388437
4.2104821461028745,6.555237073792433
4.360228845859163,6.232989040533078
4.506676548348127,5.446507591015225
4.655813226283715,4.994212419638289
4.84933633634183,4.30585644329908
5.044055432790198,3.537737402325065
5.142671542153921,3.1558827777748713
5.336366222357896,2.3796853989718505
5.372246994590198,2.199173762436126
5.655099941588415,1.6040211347485296
6.343925389979226,1.5884535726673996
6.510988474674059,2.348276582159997

1.3708468444106743,6.302693194955718
1.3878440991006131,5.629420270497996

1.3708468444106743,6.302693194955718
1.43770162025413,5.849262211091552
1.862549302269754,5.439605540800816
2.257677831187275,5.448399615764625

1.3708468444106743,6.302693194955718
1.7529865584743984,6.404963614482977
2.359690642188912,6.57560758574976
2.671609622524352,6.448663107814002
3.2874097897124943,6.5166268466717465
4.05941718748871,6.552800737388437
4.551997985745031,6.148469493871449
4.78276718127083,5.7241127913180785

1.3708468444106743,6.302693194955718
1.7529865584743984,6.404963614482977
2.359690642188912,6.57560758574976
2.671609622524352,6.448663107814002
3.2874097897124943,6.5166268466717465
4.05941718748871,6.552800737388437
4.706926460744487,6.2510292616723095
5.31065421313373,5.9609700707277735
5.579191369031935,5.7343196420169456
6.2904260718136005,5.368061266605439

1.3708468444106743,6.302693194955718
1.7529865584743984,6.404963614482977
2.359690642188912,6.57560758574976

1.3708468444106743,6.302693194955718
1.7529865584743984,6.404963614482977
2.359690642188912,6.57560758574976
2.671609622524352,6.448663107814002
3.2874097897124943,6.5166268466717465
4.05941718748871,6.552800737388437
4.289336088235398,6.6055361231887195

1.3708468444106743,6.302693194955718
1.7529865584743984,6.404963614482977
2.359690642188912,6.57560758574976
2.671609622524352,6.448663107814002
3.2874097897124943,6.5166268466717465
4.05941718748871,6.552800737388437
4.706926460744487,6.2510292616723095
5.31065421313373,5.9609700707277735
5.579191369031935,5.7343196420169456
5.992653544729356,5.487039800992841
6.541433666942879,5.775162874499186
6.54401840122002,6.3183945590656245

0.4858046445325621,7.330665183214823
1.0933393559182576,7.173178953099992
1.6317241445359925,7.035654812451028
1.8913002608447407,6.9696222863563575
2.6910941991181634,6.951465846697417
3.234531462680674,6.723363781640018
3.975119869268642,6.420826491331046
4.2930969010659625,6.410538474150496
4.485177112929244,6.085114026435571
4.55795968677272,5.288431720277891
4.5924162009420035,4.489174096835173
4.594921072157453,4.42018161771239
4.315912638559677,3.6704121238135548
3.969621505596913,3.351574984179104
3.2310307318128166,3.0667756783229523
2.607940968978421,2.7652560570943123
2.0585933183828287,2.5603730640271336
1.5751690636412565,2.3618417252853985
1.3545831662894412,1.6573377955063964

0.4858046445325621,7.330665183214823
1.0933393559182576,7.173178953099992
1.6317241445359925,7.035654812451028
1.8913002608447407,6.9696222863563575
2.6910941991181634,6.951465846697417
3.234531462680674,6.723363781640018
3.975119869268642,6.420826491331046
4.2930969010659625,6.410538474150496
4.485177112929244,6.085114026435571
4.55795968677272,5.288431720277891
4.5924162009420035,4.489174096835173
4.676479949055393,3.697266352286612
4.644971735573262,2.929157730724393
4.557042844293375,2.242608642127313
4.5370847522415625,1.895757928215877
4.0272556156719785,1.4519006090301338
3.7315856517043833,1.318159987147372

0.4858046445325621,7.330665183214823
1.0933393559182576,7.173178953099992
1.6317241445359925,7.035654812451028
1.8913002608447407,6.9696222863563575
2.6910941991181634,6.951465846697417
3.234531462680674,6.723363781640018
3.975119869268642,6.420826491331046
4.2930969010659625,6.410538474150496
4.485177112929244,6.085114026435571
4.55795968677272,5.288431720277891
4.5924162009420035,4.489174096835173
4.676479949055393,3.697266352286612
4.644971735573262,2.929157730724393
4.557042844293375,2.242608642127313
4.499018138753868,1.7452500669676487

0.4858046445325621,7.330665183214823
1.0933393559182576,7.173178953099992
1.6317241445359925,7.035654812451028
1.8913002608447407,6.9696222863563575
2.6910941991181634,6.951465846697417
3.234531462680674,6.723363781640018
3.975119869268642,6.420826491331046
4.2930969010659625,6.410538474150496
4.485177112929244,6.085114026435571
4.585505174865111,5.5829463582119105
4.634086799369945,5.2847972420213045
4.788096063008485,4.556061832482724
4.922205149671213,3.7673827134016564
5.0281938116118345,3.4482632087158884
5.298732993156783,2.7402507196134245
5.347387559823912,2.267692308788422
5.690432721047368,1.6551624996649386
6.318334889794609,1.2306458039987633

0.4858046445325621,7.330665183214823
1.0933393559182576,7.173178953099992
1.6317241445359925,7.035654812451028
1.8913002608447407,6.9696222863563575
2.6910941991181634,6.951465846697417
3.234531462680674,6.723363781640018
3.975119869268642,6.420826491331046
4.2930969010659625,6.410538474150496
4.485177112929244,6.085114026435571
4.55795968677272,5.288431720277891
4.5924162009420035,4.489174096835173
4.594921072157453,4.42018161771239
4.315912638559677,3.6704121238135548
3.969621505596913,3.351574984179104
3.185523078266697,3.192862488583191
2.4311917261277696,3.0828245095811813
1.6951047598723323,3.036837796978595

0.4858046445325621,7.330665183214823
1.0933393559182576,7.173178953099992
1.6317241445359925,7.035654812451028
1.8913002608447407,6.9696222863563575
2.6910941991181634,6.951465846697417
3.234531462680674,6.723363781640018
3.975119869268642,6.420826491331046
4.2930969010659625,6.410538474150496
4.485177112929244,6.085114026435571
4.55795968677272,5.288431720277891
4.5924162009420035,4.489174096835173
4.594921072157453,4.42018161771239
4.450932980864946,3.6332461504941813
3.707238302341201,3.530825082950416

0.4858046445325621,7.330665183214823
1.0933393559182576,7.173178953099992
1.6317241445359925,7.035654812451028
1.8913002608447407,6.9696222863563575
2.6910941991181634,6.951465846697417
3.234531462680674,6.723363781640018
3.975119869268642,6.420826491331046
4.2930969010659625,6.410538474150496
4.485177112929244,6.085114026435571
4.585505174865111,5.5829463582119105
4.634086799369945,5.2847972420213045
4.788096063008485,4.556061832482724
4.8166441485254525,4.156013090058472
4.868784153653119,3.738427298830502

0.4858046445325621,7.330665183214823
1.0933393559182576,7.173178953099992
1.6317241445359925,7.035654812451028
1.8913002608447407,6.9696222863563575
2.6910941991181634,6.951465846697417
3.234531462680674,6.723363781640018
3.975119869268642,6.420826491331046
4.2930969010659625,6.410538474150496
4.485177112929244,6.085114026435571
4.585505174865111,5.5829463582119105
4.634086799369945,5.2847972420213045
4.788096063008485,4.556061832482724
4.922205149671213,3.7673827134016564
5.0281938116118345,3.4482632087158884
5.298732993156783,2.7402507196134245
5.347387559823912,2.267692308788422
5.690432721047368,1.6551624996649386
6.097272492458636,1.4696653130427884
6.440814272182239,1.7925894521235293
6.5088579570970335,2.4630242948537466

0.4858046445325621,7.330665183214823
0.5351121826918952,6.623502510898007
0.5533756566631477,6.353242304417646
0.6839208664790936,5.747464644447521

0.4858046445325621,7.330665183214823
0.6739830047589811,6.999734543344282
1.1768622905933548,6.377550949958286
1.5395779288902995,5.9249666770202944
1.7076204574621037,5.596996842853496
2.257175377874342,5.482474085342457

0.4858046445325621,7.330665183214823
1.0933393559182576,7.173178953099992
1.6317241445359925,7.035654812451028
1.8913002608447407,6.9696222863563575
2.6910941991181634,6.951465846697417
3.234531462680674,6.723363781640018
3.975119869268642,6.420826491331046
4.2930969010659625,6.410538474150496
4.485177112929244,6.085114026435571
4.612233294712171,5.673164045094927

0.4858046445325621,7.330665183214823
1.0933393559182576,7.173178953099992
1.6317241445359925,7.035654812451028
1.8913002608447407,6.9696222863563575
2.6910941991181634,6.951465846697417
3.234531462680674,6.723363781640018
3.975119869268642,6.420826491331046
4.2930969010659625,6.410538474150496
4.812978716069336,6.108312774901787
5.516181182140761,5.761210549426844
6.104412671790342,5.448363174164376
6.30125816086718,5.335017789762815

0.4858046445325621,7.330665183214823
1.2406134389833596,7.3581236284746865
1.5934287748615772,7.3986151883402815
2.276611830192846,7.405890796073402

0.4858046445325621,7.330665183214823
1.0933393559182576,7.173178953099992
1.3397455182509468,7.16079360338559
1.905493986592711,7.1224059968541775
2.6397937871042454,7.046525581708025
3.3392060407963036,6.906226947405877
3.481731739607256,6.8783214279340354
4.272713637618033,6.758539805723996

0.4858046445325621,7.330665183214823
1.0933393559182576,7.173178953099992
1.6317241445359925,7.035654812451028
1.8913002608447407,6.9696222863563575
2.6910941991181634,6.951465846697417
3.234531462680674,6.723363781640018
3.975119869268642,6.420826491331046
4.2930969010659625,6.410538474150496
4.812978716069336,6.108312774901787
5.516181182140761,5.761210549426844
5.694494489284025,5.671386228979134
6.042517356806974,5.538628563041206
6.4111941601248805,5.6137389947166785
6.8604202308728865,6.275702692633949

1.8135022783107502,7.127451287296352
2.5597175278718627,6.8390716740737
3.319877739631459,6.679191508303097
3.8756714338818394,6.575217447799927
4.112350072403468,6.523664620376929
4.609541256926442,5.969944931489457
4.517199886407563,5.190691471650685
4.487231335978999,4.788918722456826
4.437970242168823,4.163727245056532
4.328813309844763,3.608079859398251
3.730777166450561,3.293940150002019
3.269191518371434,3.1823697557044084
2.881075522811837,2.919127099764477
2.230299452481132,2.5803966759158037
1.4731085713191583,2.322206882381757
1.606099200909133,1.6301462076666267

1.8135022783107502,7.127451287296352
2.5597175278718627,6.8390716740737
3.319877739631459,6.679191508303097
3.8756714338818394,6.575217447799927
4.112350072403468,6.523664620376929
4.609541256926442,5.969944931489457
4.571486260471184,5.187195442904555
4.544484225894258,4.4966435884742815
4.472140620043782,3.752655126312402
4.450499138476415,3.0339530671674693
4.446931722490266,2.2339610212425227
4.3922542599532095,1.7316980218206723
4.288040111004437,1.6563069946317823
3.7140703644292463,1.228742792777481

1.8135022783107502,7.127451287296352
2.5597175278718627,6.8390716740737
3.319877739631459,6.679191508303097
3.8756714338818394,6.575217447799927
4.112350072403468,6.523664620376929
4.609541256926442,5.969944931489457
4.571486260471184,5.187195442904555
4.544484225894258,4.4966435884742815
4.472140620043782,3.752655126312402
4.450499138476415,3.0339530671674693
4.446931722490266,2.2339610212425227
4.3922542599532095,1.7316980218206723

1.8135022783107502,7.127451287296352
2.5597175278718627,6.8390716740737
3.319877739631459,6.679191508303097
3.8756714338818394,6.575217447799927
4.112350072403468,6.523664620376929
4.609541256926442,5.969944931489457
4.667395783599062,5.568367740554711
4.689334700771436,5.086936576136557
4.868791108627508,4.4436272498570855
5.1367899939436805,3.8519090125265723
5.26876704134858,3.2234011289264797
5.439347621780793,2.4417987584212404
5.531728684605905,1.8275186952498217
6.097650436241166,1.3534869828288683
6.309379466002724,1.3239044976239984

1.8135022783107502,7.127451287296352
2.5597175278718627,6.8390716740737
3.319877739631459,6.679191508303097
3.8756714338818394,6.575217447799927
4.112350072403468,6.523664620376929
4.609541256926442,5.969944931489457
4.517199886407563,5.190691471650685
4.487231335978999,4.788918722456826
4.437970242168823,4.163727245056532
4.328813309844763,3.608079859398251
3.8386129031498917,3.5493123932865704
3.472042422555319,3.4583470209539464
2.8894147976706757,3.2810818517943257
2.361722151438081,3.1742521743972874
1.749054187073746,3.02928461120991

1.8135022783107502,7.127451287296352
2.5597175278718627,6.8390716740737
3.319877739631459,6.679191508303097
3.8756714338818394,6.575217447799927
4.112350072403468,6.523664620376929
4.609541256926442,5.969944931489457
4.517199886407563,5.190691471650685
4.487231335978999,4.788918722456826
4.437970242168823,4.163727245056532
4.328813309844763,3.608079859398251
3.730777166450561,3.293940150002019

1.8135022783107502,7.127451287296352
2.5597175278718627,6.8390716740737
3.319877739631459,6.679191508303097
3.8756714338818394,6.575217447799927
4.112350072403468,6.523664620376929
4.609541256926442,5.969944931489457
4.667395783599062,5.568367740554711
4.689334700771436,5.086936576136557
4.686920023984921,4.6530182055044325
4.794862143032335,3.995087936482891
4.825211405260339,3.740770382406459

1.8135022783107502,7.127451287296352
2.5597175278718627,6.8390716740737
3.319877739631459,6.679191508303097
3.8756714338818394,6.575217447799927
4.112350072403468,6.523664620376929
4.609541256926442,5.969944931489457
4.667395783599062,5.568367740554711
4.689334700771436,5.086936576136557
4.868791108627508,4.4436272498570855
5.1367899939436805,3.8519090125265723
5.26876704134858,3.2234011289264797
5.439347621780793,2.4417987584212404
5.584872843458796,1.7049456091052382
6.2355476008506585,1.4814341563109985
6.396108880230312,1.7484842111970016
6.558351278581393,2.3050129256929615

1.8135022783107502,7.127451287296352
1.6831698474919754,6.908080547508451
1.5547492349510614,6.256957491800565
1.404808718045029,5.694082606515426

1.8135022783107502,7.127451287296352
1.6831698474919754,6.908080547508451
1.5911377520996672,6.259929089680734
1.6380402361340605,5.461305175067977
2.3188465378816767,5.258201445871328

1.8135022783107502,7.127451287296352
2.5597175278718627,6.8390716740737
3.319877739631459,6.679191508303097
3.8756714338818394,6.575217447799927
4.112350072403468,6.523664620376929
4.609541256926442,5.969944931489457
4.6738569096653455,5.625580646879669

1.8135022783107502,7.127451287296352
2.5597175278718627,6.8390716740737
3.315896882446123,6.598912983859254
4.097300348038255,6.427423555728523
4.596303264507208,6.324428960642351
4.908906359883009,6.162044374865773
5.318227578794593,5.874860501056453
5.784131785021236,5.515537456296788
6.0336677807186145,5.346323592781945
6.426121973420178,5.025054480864215

1.8135022783107502,7.127451287296352
2.2652504210480022,7.354842853236379

1.8135022783107502,7.127451287296352
2.397055841924924,7.115658368952945
3.1602322812636774,7.036919628108565
3.3873607587201846,7.0112708490208595
4.071997228552025,6.9233385819939866
4.280470636372698,6.852276349085776

1.8135022783107502,7.127451287296352
2.5597175278718627,6.8390716740737
3.315896882446123,6.598912983859254
4.097300348038255,6.427423555728523
4.596303264507208,6.324428960642351
4.908906359883009,6.162044374865773
5.292462560387337,5.917444786470029
5.920713166217792,5.496920248241007
6.480536109524046,5.76950872545389
6.569532588332379,6.267327223063965

1.7864541248981316,6.995674062539861
2.0442216938283098,6.9946505667858645
2.76517506780862,6.8677099197806335
3.3537154926161956,6.799959767573279
3.8958238890698906,6.644365145720765
4.4674981319940406,6.2217487660930315
4.4541544405252775,5.8696793828522855
4.499970528024218,5.2436825672564495
4.420036149685564,4.59374893502994
4.376957847790276,3.794909614574432
4.275790963884673,3.6230055157406156
3.599091489270833,3.231423739154295
2.9795177555449124,2.965972834177559
2.432588978150386,2.7336147595269122
1.7517110605743498,2.4439117193279873
1.2914706508473845,1.789558018907217
1.2793282626458715,1.6877566251065932

1.7864541248981316,6.995674062539861
2.0442216938283098,6.9946505667858645
2.76517506780862,6.8677099197806335
3.3537154926161956,6.799959767573279
3.8958238890698906,6.644365145720765
4.4674981319940406,6.2217487660930315
4.4541544405252775,5.8696793828522855
4.499970528024218,5.2436825672564495
4.420036149685564,4.59374893502994
4.432529605401788,3.883056471958198
4.407946047153781,3.133906509753852
4.410607340029204,2.4126032013919754
4.411033309242317,1.7303857363293456
4.221392441629343,1.6393167851431603
3.7069280130895796,1.5325237540283747

1.7864541248981316,6.995674062539861
2.0442216938283098,6.9946505667858645
2.76517506780862,6.8677099197806335
3.3537154926161956,6.799959767573279
3.8958238890698906,6.644365145720765
4.4674981319940406,6.2217487660930315
4.4541544405252775,5.8696793828522855
4.499970528024218,5.2436825672564495
4.420036149685564,4.59374893502994
4.432529605401788,3.883056471958198
4.407946047153781,3.133906509753852
4.410607340029204,2.4126032013919754
4.411033309242317,1.7303857363293456

1.7864541248981316,6.995674062539861
2.0442216938283098,6.9946505667858645
2.76517506780862,6.8677099197806335
3.3537154926161956,6.799959767573279
3.8958238890698906,6.644365145720765
4.4674981319940406,6.2217487660930315
4.545900836696694,5.566388203983755
4.650701913171743,4.773282451659596
4.844437173950909,4.053587848474224
4.971759002912675,3.3291179387281264
5.062198326369233,2.8767466991600976
5.203662489551938,2.307419886101602
5.39731882172989,1.7262888864699606
5.9987767441823365,1.3615053080468131
6.270390779272717,1.230212130237966

1.7864541248981316,6.995674062539861
2.0442216938283098,6.9946505667858645
2.76517506780862,6.8677099197806335
3.3537154926161956,6.799959767573279
3.8958238890698906,6.644365145720765
4.4674981319940406,6.2217487660930315
4.4541544405252775,5.8696793828522855
4.499970528024218,5.2436825672564495
4.420036149685564,4.59374893502994
4.376957847790276,3.794909614574432
4.275790963884673,3.6230055157406156
3.507730018480311,3.399214577263301
2.714608913985124,3.2945297473960498
2.0811022504231365,3.202296195795617
1.7163491161011757,3.176320683934042

1.7864541248981316,6.995674062539861
2.0442216938283098,6.9946505667858645
2.76517506780862,6.8677099197806335
3.3537154926161956,6.799959767573279
3.8958238890698906,6.644365145720765
4.4674981319940406,6.2217487660930315
4.4541544405252775,5.8696793828522855
4.499970528024218,5.2436825672564495
4.420036149685564,4.59374893502994
4.376957847790276,3.794909614574432
4.275790963884673,3.6230055157406156
3.599091489270833,3.231423739154295

1.7864541248981316,6.995674062539861
2.0442216938283098,6.9946505667858645
2.76517506780862,6.8677099197806335
3.3537154926161956,6.799959767573279
3.8958238890698906,6.644365145720765
4.4674981319940406,6.2217487660930315
4.4541544405252775,5.8696793828522855
4.499970528024218,5.2436825672564495
4.537756131851112,4.5785829596890215
4.533929367234211,4.0225761112845
4.562333439217178,3.611692259259508

1.7864541248981316,6.995674062539861
2.0442216938283098,6.9946505667858645
2.76517506780862,6.8677099197806335
3.3537154926161956,6.799959767573279
3.8958238890698906,6.644365145720765
4.4674981319940406,6.2217487660930315
4.545900836696694,5.566388203983755
4.650701913171743,4.773282451659596
4.844437173950909,4.053587848474224
4.971759002912675,3.3291179387281264
5.062198326369233,2.8767466991600976
5.203662489551938,2.307419886101602
5.39731882172989,1.7262888864699606
5.9987767441823365,1.3615053080468131
6.328419422039916,1.665411693582576
6.7183419264356194,2.3639533462889717

1.7864541248981316,6.995674062539861
1.493569217896368,6.2765796933246545
1.541522704622956,5.700251243472334

1.7864541248981316,6.995674062539861
1.493569217896368,6.2765796933246545
1.525446058205083,5.892980851903571
1.822439324376175,5.531150921326349
2.3159947809728174,5.057657945341298

1.7864541248981316,6.995674062539861
2.520282296579001,6.762591592224453
3.097289451789576,6.686648123403655
3.3714267049901534,6.626676929367201
4.135695014881145,6.390257914699669
4.528325749510538,6.249182172042333
4.706827480892623,5.746688741272967

1.7864541248981316,6.995674062539861
2.520282296579001,6.762591592224453
3.097289451789576,6.686648123403655
3.3714267049901534,6.626676929367201
4.135695014881145,6.390257914699669
4.528325749510538,6.249182172042333
5.042589223981823,6.0058109894459495
5.642462488023406,5.68277380756178
6.269521640071121,5.496648559313009

1.7864541248981316,6.995674062539861
2.2693659355113276,6.841190863810648

1.7864541248981316,6.995674062539861
2.5864534196722015,6.994611819163386
2.9049062407899484,6.989974430724214
3.4496819121636992,7.004533056304276
4.165438533307387,7.032861811251424
4.26232628940987,7.049163598050131

1.7864541248981316,6.995674062539861
2.520282296579001,6.762591592224453
3.097289451789576,6.686648123403655
3.3714267049901534,6.626676929367201
4.135695014881145,6.390257914699669
4.528325749510538,6.249182172042333
5.042589223981823,6.0058109894459495
5.642462488023406,5.68277380756178
5.897367912935632,5.59732654692841
6.2276087944940794,5.553148520163724
6.450717654969895,5.928592467609993
6.4231101194832,6.3673902214727995

0.49308135149043353,7.085105097506908
1.1012711161036695,7.049744992636287
1.594931047459173,7.032330653509675
1.9651773506787098,6.895024342901054
2.4452251738227955,6.809251195034882
3.177781712015125,6.606793845209718
3.651989045664199,6.554392276880743
4.4004199044775625,6.323636175478613
4.4325563465317925,5.700945703811107
4.4492389391572535,5.181768415999833
4.4275767645328,4.382061750909101
4.4747077770779935,3.7057028814680804
3.782409118900128,3.3048006890506194
3.5619340544679963,3.1940912027348585
2.8394793595802126,2.9183222454907902
2.2534086438417686,2.5738160400857844
1.7701337737010856,2.4428561201563723
1.4260549740580657,1.8665162627844762
1.4661953745259528,1.627745600303645

0.49308135149043353,7.085105097506908
1.1012711161036695,7.049744992636287
1.594931047459173,7.032330653509675
1.9651773506787098,6.895024342901054
2.4452251738227955,6.809251195034882
3.177781712015125,6.606793845209718
3.651989045664199,6.554392276880743
4.4004199044775625,6.323636175478613
4.4325563465317925,5.700945703811107
4.4492389391572535,5.181768415999833
4.4275767645328,4.382061750909101
4.4747077770779935,3.7057028814680804
4.436979033976728,3.007711348606281
4.476866867688685,2.4817851481751703
4.4888927582764,1.7620058525612325
3.9429068135669847,1.352771448232338
3.6046200144297567,1.329491189805415

0.49308135149043353,7.085105097506908
1.1012711161036695,7.049744992636287
1.594931047459173,7.032330653509675
1.9651773506787098,6.895024342901054
2.4452251738227955,6.809251195034882
3.177781712015125,6.606793845209718
3.651989045664199,6.554392276880743
4.4004199044775625,6.323636175478613
4.434375768872293,5.838440350658272
4.486032499082188,5.060074100502191
4.55608610443022,4.547535142704019
4.62353684281696,3.8063021498845986
4.63110565822105,3.4195785548259643
4.644650169283513,2.8958525912824298
4.6573859358388345,2.106847326554248
4.688291231461353,1.7316781149147862

0.49308135149043353,7.085105097506908
1.1012711161036695,7.049744992636287
1.594931047459173,7.032330653509675
1.9651773506787098,6.895024342901054
2.4452251738227955,6.809251195034882
3.177781712015125,6.606793845209718
3.651989045664199,6.554392276880743
4.4004199044775625,6.323636175478613
4.604727056749658,5.687296042687439
4.7622260146691575,5.108704633887511
4.957418157142742,4.343000033200423
5.089924424965641,3.7372599640189015
5.224608931597315,3.14785108021079
5.326592174702629,2.6809885983891952
5.407513614605672,2.0599437050954887
5.517254627165439,1.7469330301398003
6.096592356883605,1.5206819491360282
6.308967898796254,1.4768175050631378

0.49308135149043353,7.085105097506908
1.1012711161036695,7.049744992636287
1.594931047459173,7.032330653509675
1.9651773506787098,6.895024342901054
2.4452251738227955,6.809251195034882
3.177781712015125,6.606793845209718
3.651989045664199,6.554392276880743
4.4004199044775625,6.323636175478613
4.4325563465317925,5.700945703811107
4.4492389391572535,5.181768415999833
4.4275767645328,4.382061750909101
4.4747077770779935,3.7057028814680804
3.782409118900128,3.3048006890506194
3.0373265529335622,3.1583109019316638
2.322471683522301,3.1600078175407775
1.6672298130047039,3.2022456635770333

0.49308135149043353,7.085105097506908
1.1012711161036695,7.049744992636287
1.594931047459173,7.032330653509675
1.9651773506787098,6.895024342901054
2.4452251738227955,6.809251195034882
3.177781712015125,6.606793845209718
3.651989045664199,6.554392276880743
4.4004199044775625,6.323636175478613
4.4325563465317925,5.700945703811107
4.4492389391572535,5.181768415999833
4.4275767645328,4.382061750909101
4.4747077770779935,3.7057028814680804
3.782409118900128,3.3048006890506194
3.5619340544679963,3.1940912027348585

0.49308135149043353,7.085105097506908
1.1012711161036695,7.049744992636287
1.594931047459173,7.032330653509675
1.9651773506787098,6.895024342901054
2.4452251738227955,6.809251195034882
3.177781712015125,6.606793845209718
3.651989045664199,6.554392276880743
4.4004199044775625,6.323636175478613
4.4325563465317925,5.700945703811107
4.4492389391572535,5.181768415999833
4.4275767645328,4.382061750909101
4.4747077770779935,3.7057028814680804

0.49308135149043353,7.085105097506908
1.1012711161036695,7.049744992636287
1.594931047459173,7.032330653509675
1.9651773506787098,6.895024342901054
2.4452251738227955,6.809251195034882
3.177781712015125,6.606793845209718
3.651989045664199,6.554392276880743
4.4004199044775625,6.323636175478613
4.604727056749658,5.687296042687439
4.7622260146691575,5.108704633887511
4.957418157142742,4.343000033200423
5.089924424965641,3.7372599640189015
5.224608931597315,3.14785108021079
5.326592174702629,2.6809885983891952
5.407513614605672,2.0599437050954887
5.517254627165439,1.7469330301398003
5.949500420777417,1.5471169438755048
6.351862359598054,1.5730084599767606
6.469282037230849,2.30652623691284

0.49308135149043353,7.085105097506908
0.445701317748582,6.40281776305875
0.41369984229286483,5.731711710251985

0.49308135149043353,7.085105097506908
0.714575105955614,6.895615489081679
1.219887488851999,6.321008577889843
1.4150069026819605,6.064788518111491
1.9012020753443697,5.431462505386806
2.2699201944834484,5.182829520788191

0.49308135149043353,7.085105097506908
1.1012711161036695,7.049744992636287
1.594931047459173,7.032330653509675
1.9651773506787098,6.895024342901054
2.4452251738227955,6.809251195034882
3.177781712015125,6.606793845209718
3.651989045664199,6.554392276880743
4.4004199044775625,6.323636175478613
4.4325563465317925,5.700945703811107

0.49308135149043353,7.085105097506908
1.1012711161036695,7.049744992636287
1.594931047459173,7.032330653509675
1.9651773506787098,6.895024342901054
2.4452251738227955,6.809251195034882
3.177781712015125,6.606793845209718
3.651989045664199,6.554392276880743
4.4004199044775625,6.323636175478613
5.087997574396424,6.017377151426995
5.737935298174557,5.597215840206053
6.260795438614134,5.285000185361614

0.49308135149043353,7.085105097506908
1.0286655127200799,7.086233854019176
1.8225781339847962,7.184736391025019
2.2964542144486035,7.25094121326048

0.49308135149043353,7.085105097506908
1.1012711161036695,7.049744992636287
1.594931047459173,7.032330653509675
1.9651773506787098,6.895024342901054
2.7545491517604477,6.765054501564791
3.2852443739037733,6.678886966816496
4.0612879563850734,6.4845770131610285
4.25005536932914,6.441917202004269

0.49308135149043353,7.085105097506908
1.1012711161036695,7.049744992636287
1.594931047459173,7.032330653509675
1.9651773506787098,6.895024342901054
2.4452251738227955,6.809251195034882
3.177781712015125,6.606793845209718
3.651989045664199,6.554392276880743
4.4004199044775625,6.323636175478613
5.087997574396424,6.017377151426995
5.737935298174557,5.597215840206053
6.49936654264011,5.58103757826548
6.706069104102953,6.3026997427460945

0.3726601666525111,6.7148727065966165
1.1494450561715928,6.639944848972586
1.9400872856725844,6.55598521582865
2.7400395685883403,6.547247649927856
3.4681761304458876,6.482298944046159
4.093481545405395,6.445902045383509
4.451740123286667,6.208037312678252
4.40384977561284,5.65912351721349
4.491030847726867,4.896760920223934
4.425570654361793,4.395408289643148
4.463990057967345,3.8868083248976224
4.286862822859372,3.345848233736903
3.654061527183723,2.9824469046365363
2.8761559708304527,2.7957306884294018
2.657231485493371,2.737037941281131
1.8939651360395904,2.587046223575189
1.5186839111765362,2.075609800407165
1.337867342910699,1.6468414057341603

0.3726601666525111,6.7148727065966165
1.1494450561715928,6.639944848972586
1.9400872856725844,6.55598521582865
2.7400395685883403,6.547247649927856
3.4681761304458876,6.482298944046159
4.093481545405395,6.445902045383509
4.451740123286667,6.208037312678252
4.40384977561284,5.65912351721349
4.491030847726867,4.896760920223934
4.425570654361793,4.395408289643148
4.463990057967345,3.8868083248976224
4.446257975112738,3.4388079098778386
4.418367761908207,2.665948429302377
4.406970755319469,2.188550526416407
4.378652965733392,1.557498373730467
3.703012683154907,1.3542967743444954

0.3726601666525111,6.7148727065966165
1.1494450561715928,6.639944848972586
1.9400872856725844,6.55598521582865
2.7400395685883403,6.547247649927856
3.4681761304458876,6.482298944046159
4.093481545405395,6.445902045383509
4.451740123286667,6.208037312678252
4.492914100709502,5.9400484003957486
4.664930318451621,5.158760731970285
4.775188520908773,4.835254202686021
4.838893802882719,4.03779471340232
4.8655002438338455,3.246857107689449
4.91465060034407,2.8352007017174725
4.949377289694569,2.1128698284035328
4.96433403646499,1.7055607890272841

0.3726601666525111,6.7148727065966165
1.1494450561715928,6.639944848972586
1.9400872856725844,6.55598521582865
2.7400395685883403,6.547247649927856
3.4681761304458876,6.482298944046159
4.093481545405395,6.445902045383509
4.451740123286667,6.208037312678252
4.492914100709502,5.9400484003957486
4.664930318451621,5.158760731970285
4.775188520908773,4.835254202686021
4.838893802882719,4.03779471340232
5.0112719043607505,3.3032994726869425
5.0441173199266744,2.9072402248003395
5.198816362067933,2.1304068396094404
5.414530649546346,1.6952795514994783
5.905917264105778,1.5262801991319972
6.29614514648038,1.6677511582035103

0.3726601666525111,6.7148727065966165
1.1494450561715928,6.639944848972586
1.9400872856725844,6.55598521582865
2.7400395685883403,6.547247649927856
3.4681761304458876,6.482298944046159
4.093481545405395,6.445902045383509
4.451740123286667,6.208037312678252
4.40384977561284,5.65912351721349
4.491030847726867,4.896760920223934
4.530111079447606,4.722834031735241
4.699059732321546,3.954518670804633
4.139992680598434,3.516106192382034
3.706998615448234,3.3832747919192676
3.2114772926263724,3.313936186447026
2.6484323870368813,3.1433395066914582
1.8668213267361569,2.9727987478812037
1.6802918750847033,2.931602122671763

0.3726601666525111,6.7148727065966165
1.1494450561715928,6.639944848972586
1.9400872856725844,6.55598521582865
2.7400395685883403,6.547247649927856
3.4681761304458876,6.482298944046159
4.093481545405395,6.445902045383509
4.451740123286667,6.208037312678252
4.40384977561284,5.65912351721349
4.491030847726867,4.896760920223934
4.530111079447606,4.722834031735241
4.699059732321546,3.954518670804633
4.139992680598434,3.516106192382034
3.706998615448234,3.3832747919192676

0.3726601666525111,6.7148727065966165
1.1494450561715928,6.639944848972586
1.9400872856725844,6.55598521582865
2.7400395685883403,6.547247649927856
3.4681761304458876,6.482298944046159
4.093481545405395,6.445902045383509
4.451740123286667,6.208037312678252
4.492914100709502,5.9400484003957486
4.664930318451621,5.158760731970285
4.775188520908773,4.835254202686021
4.924434308339997,4.304856145589523
5.051604871166967,3.7230492961348594

0.3726601666525111,6.7148727065966165
1.1494450561715928,6.639944848972586
1.9400872856725844,6.55598521582865
2.7400395685883403,6.547247649927856
3.4681761304458876,6.482298944046159
4.093481545405395,6.445902045383509
4.451740123286667,6.208037312678252
4.492914100709502,5.9400484003957486
4.664930318451621,5.158760731970285
4.775188520908773,4.835254202686021
4.838893802882719,4.03779471340232
5.0112719043607505,3.3032994726869425
5.0441173199266744,2.9072402248003395
5.198816362067933,2.1304068396094404
5.414530649546346,1.6952795514994783
5.905917264105778,1.5262801991319972
6.29614514648038,1.6677511582035103
6.561571978644044,1.9613595814552043
6.586009435952549,2.275835893556399

0.3726601666525111,6.7148727065966165
0.5790360389053535,5.941950330576955
0.7366789717941913,5.577815516950306

0.3726601666525111,6.7148727065966165
0.8336116395862474,6.315529334324854
1.4194151546454874,5.8064426490183525
1.9359661868932019,5.523501896857963
2.2606974915534894,5.356398989701835

0.3726601666525111,6.7148727065966165
1.1494450561715928,6.639944848972586
1.9400872856725844,6.55598521582865
2.7400395685883403,6.547247649927856
3.4681761304458876,6.482298944046159
4.093481545405395,6.445902045383509
4.451740123286667,6.208037312678252
4.40384977561284,5.65912351721349

0.3726601666525111,6.7148727065966165
1.1494450561715928,6.639944848972586
1.9400872856725844,6.55598521582865
2.7400395685883403,6.547247649927856
3.4681761304458876,6.482298944046159
4.093481545405395,6.445902045383509
4.451740123286667,6.208037312678252
5.110906477807564,5.836701282960328
5.524510945590996,5.5702623169610606
6.292918551917983,5.571090928758812

0.3726601666525111,6.7148727065966165
0.9064299726563869,6.722347116780535
1.5710389941761074,6.710245211001295
2.3592537969058656,6.847056850702339

0.3726601666525111,6.7148727065966165
0.9064299726563869,6.722347116780535
1.5710389941761074,6.710245211001295
2.368277015206832,6.776664619482656
3.154662459014436,6.761470284918601
3.516994827580023,6.737879561016128
4.289183489605425,6.713672235408062

0.3726601666525111,6.7148727065966165
1.1494450561715928,6.639944848972586
1.9400872856725844,6.55598521582865
2.7400395685883403,6.547247649927856
3.4681761304458876,6.482298944046159
4.093481545405395,6.445902045383509
4.451740123286667,6.208037312678252
5.110906477807564,5.836701282960328
5.524510945590996,5.5702623169610606
6.292918551917983,5.571090928758812
6.49170850460747,6.0098722155387
6.670983265678108,6.522428953051391

