6.441290243213739,1.004082507316271
5.82771715150163,1.4465236010832063
5.249969887599852,1.7418117580940153
5.106667353120218,1.852765116914001
4.460740266364391,2.2960489424833863
3.9153292560709807,2.472243635416876
3.3263373812467067,2.486300274196509
2.6075133799491423,2.5441615454543047
1.8646550969461348,2.519942906111065
1.5319423707313,2.0912058954531165
1.4981000744497754,1.6324357930650817

6.441290243213739,1.004082507316271
5.702717861515482,0.8673925787974361
4.943191650624842,0.816469007561799
4.404713009411632,0.8119883935637977
3.732863167072913,0.7235003404035513

6.441290243213739,1.004082507316271
5.713487284827406,1.1401406319443148

6.441290243213739,1.004082507316271
5.82771715150163,1.4465236010832063
5.249969887599852,1.7418117580940153
5.106667353120218,1.852765116914001
4.460740266364391,2.2960489424833863
3.9153292560709807,2.472243635416876
3.3263373812467067,2.486300274196509
2.6075133799491423,2.5441615454543047
2.0547992456477244,2.563831750964357
1.6740139166781924,2.5578254140464667

6.441290243213739,1.004082507316271
5.82771715150163,1.4465236010832063
5.249969887599852,1.7418117580940153
5.106667353120218,1.852765116914001
4.460740266364391,2.2960489424833863
4.125011253322137,2.5323442321501735
3.672656623511526,2.9282203555332016

6.441290243213739,1.004082507316271
5.82771715150163,1.4465236010832063
5.588211004993188,1.8526508572633589
5.478339942384809,2.2568045510191457

6.441290243213739,1.004082507316271
6.621703775115338,1.7532610188650772
6.806668442120952,2.2841449706776125

6.441290243213739,1.004082507316271
5.82771715150163,1.4465236010832063
5.588211004993188,1.8526508572633589
5.478339942384809,2.2568045510191457
5.322797067050377,2.8745615746172763
5.2272552972157875,3.341594346360255
4.987322451618005,4.081644434745642
4.76579319313812,4.846827618936348
4.670145284550186,5.163982202794311
4.538783620904795,5.686029402397995
4.3740879550287035,6.288948806941044
3.991145623224641,6.70098868296245
3.5894419515681397,6.649164351752785
2.789505251777104,6.659227965786871
2.478176144951055,6.678267345749099
1.8355268345027564,6.566641055875528
1.5391241248412246,6.248440429633945
1.5438559505494758,5.707922154071692

6.441290243213739,1.004082507316271
5.82771715150163,1.4465236010832063
5.588211004993188,1.8526508572633589
5.478339942384809,2.2568045510191457
5.322797067050377,2.8745615746172763
5.2272552972157875,3.341594346360255
4.987322451618005,4.081644434745642
4.76579319313812,4.846827618936348
4.670145284550186,5.163982202794311
4.538783620904795,5.686029402397995
4.3740879550287035,6.288948806941044
3.991145623224641,6.70098868296245
3.5894419515681397,6.649164351752785
2.789505251777104,6.659227965786871
2.478176144951055,6.678267345749099
1.8355268345027564,6.566641055875528
1.5391241248412246,6.248440429633945
1.5438559505494758,5.707922154071692
2.0946845450097973,5.512898793144299
2.452150919355128,5.400509686302565

6.441290243213739,1.004082507316271
5.82771715150163,1.4465236010832063
5.588211004993188,1.8526508572633589
5.506517326627154,2.4452216463955336
5.450166200035273,3.167193451031493
5.398447731065888,3.5768385751499148
5.314922068114858,4.372466291879662

6.441290243213739,1.004082507316271
5.82771715150163,1.4465236010832063
5.588211004993188,1.8526508572633589
5.506517326627154,2.4452216463955336
5.450166200035273,3.167193451031493
5.541752865310856,3.8585123850360863
5.603153812613979,4.4462440728618935
6.338358933547263,4.527167247045858

6.441290243213739,1.004082507316271
5.82771715150163,1.4465236010832063
5.588211004993188,1.8526508572633589
5.478339942384809,2.2568045510191457
5.322797067050377,2.8745615746172763
5.2272552972157875,3.341594346360255
4.987322451618005,4.081644434745642
4.76579319313812,4.846827618936348
4.670145284550186,5.163982202794311
4.538783620904795,5.686029402397995
4.3740879550287035,6.288948806941044
3.991145623224641,6.70098868296245
3.5894419515681397,6.649164351752785
2.789505251777104,6.659227965786871
2.478176144951055,6.678267345749099
1.7351936767450595,6.6024437837709575

6.441290243213739,1.004082507316271
5.82771715150163,1.4465236010832063
5.588211004993188,1.8526508572633589
5.478339942384809,2.2568045510191457
5.322797067050377,2.8745615746172763
5.2272552972157875,3.341594346360255
4.987322451618005,4.081644434745642
4.76579319313812,4.846827618936348
4.670145284550186,5.163982202794311
4.538783620904795,5.686029402397995
4.3740879550287035,6.288948806941044
3.991145623224641,6.70098868296245
3.7298072443067394,6.867556470480117

6.441290243213739,1.004082507316271
5.82771715150163,1.4465236010832063
5.588211004993188,1.8526508572633589
5.506517326627154,2.4452216463955336
5.450166200035273,3.167193451031493
5.439584298992171,3.8253222281737034
5.455206551794572,4.010840067546981
5.433403448616731,4.651141178294345
5.447900377811678,4.8813878386834295
5.530272424128124,5.596999550320767
5.581403621158822,6.368638580124684

6.441290243213739,1.004082507316271
5.82771715150163,1.4465236010832063
5.588211004993188,1.8526508572633589
5.506517326627154,2.4452216463955336
5.450166200035273,3.167193451031493
5.541752865310856,3.8585123850360863
5.603153812613979,4.4462440728618935
5.921686761923466,4.879666442928373
6.3738400178054855,5.526035345306961
6.806508953490014,6.198937709765296
6.8709225065498,6.308332210480241

7.150044937374905,1.7299796746523595
6.660264558965852,1.5266428376683734
5.958506523969123,1.5703443263710064
5.390722780244533,1.791761931263673
4.7442624668300475,2.1561314743469753
4.0643882047758195,2.577760443698252
3.2775278950749964,2.565985638109606
2.859631002004777,2.5687418337871195
2.4223909583961114,2.535507355269741
1.8796084175755041,2.4503461434718865
1.5040026312891621,2.1838090609389846
0.9836070579724049,1.7066859115900215

7.150044937374905,1.7299796746523595
6.660264558965852,1.5266428376683734
6.120827237244671,1.47835397971095
5.535424391763815,1.4757332606667062
5.266629423023853,1.4743121965448478
4.640056747952875,1.475500599783454
3.84034244540848,1.4968789604767305
3.70731404418001,1.5887412512619827

7.150044937374905,1.7299796746523595
6.660264558965852,1.5266428376683734
5.958506523969123,1.5703443263710064
5.730995467859576,1.5512661636051073

7.150044937374905,1.7299796746523595
6.660264558965852,1.5266428376683734
5.958506523969123,1.5703443263710064
5.390722780244533,1.791761931263673
4.7442624668300475,2.1561314743469753
4.0643882047758195,2.577760443698252
3.3753531357913933,2.6372530293402914
2.6454812955461504,2.681514339357392
2.367420568419607,2.761938867099392
1.6834723358644204,2.842100357922881

7.150044937374905,1.7299796746523595
6.660264558965852,1.5266428376683734
5.958506523969123,1.5703443263710064
5.390722780244533,1.791761931263673
4.7442624668300475,2.1561314743469753
4.0643882047758195,2.577760443698252
3.5326765224244983,2.6609487665176883

7.150044937374905,1.7299796746523595
6.660264558965852,1.5266428376683734
5.958506523969123,1.5703443263710064
5.730995467859576,1.5512661636051073
5.585311900702764,1.7483219097960723
5.588560952953442,2.308784756452046

7.150044937374905,1.7299796746523595
7.400062801711378,2.390235236390704

7.150044937374905,1.7299796746523595
6.660264558965852,1.5266428376683734
5.958506523969123,1.5703443263710064
5.730995467859576,1.5512661636051073
5.495993029801474,2.0462572593502433
5.480997469883764,2.3838889963923067
5.406454855153298,2.94158269749437
5.255099048554844,3.366437752143574
5.12048579808329,3.7599151333363907
4.989600032878048,4.231410971841986
4.855161512899117,4.610129689026247
4.6921062451586835,5.1787857535047745
4.648921874469167,5.42888731949756
4.473444947677836,6.209404999094807
4.212690438920346,6.382865884369422
3.483292714577661,6.426294838846381
2.776636217128201,6.450758139114365
2.44659561688538,6.469133516605754
1.91045910203559,6.4198333337001445
1.570208193418863,6.321630474450981
1.5899090270442757,5.744112305650228

7.150044937374905,1.7299796746523595
6.660264558965852,1.5266428376683734
5.958506523969123,1.5703443263710064
5.730995467859576,1.5512661636051073
5.495993029801474,2.0462572593502433
5.480997469883764,2.3838889963923067
5.406454855153298,2.94158269749437
5.255099048554844,3.366437752143574
5.12048579808329,3.7599151333363907
4.989600032878048,4.231410971841986
4.855161512899117,4.610129689026247
4.6921062451586835,5.1787857535047745
4.648921874469167,5.42888731949756
4.473444947677836,6.209404999094807
4.212690438920346,6.382865884369422
3.483292714577661,6.426294838846381
2.776636217128201,6.450758139114365
2.44659561688538,6.469133516605754
1.7125039838488982,6.447272674731132
1.5327919416224571,5.957512826648305
1.9190113417346393,5.322525895078808
2.289184588672234,5.26771821211011

7.150044937374905,1.7299796746523595
6.660264558965852,1.5266428376683734
5.958506523969123,1.5703443263710064
5.730995467859576,1.5512661636051073
5.495993029801474,2.0462572593502433
5.480997469883764,2.3838889963923067
5.459667576248823,2.992311878919192
5.469166583784261,3.5888796191042864
5.347276608255299,4.30792582198679

7.150044937374905,1.7299796746523595
6.660264558965852,1.5266428376683734
5.958506523969123,1.5703443263710064
5.730995467859576,1.5512661636051073
5.585311900702764,1.7483219097960723
5.588560952953442,2.308784756452046
5.571612987251633,3.1086052153417714
5.56142481307303,3.5371206933236863
5.5153199929637,4.33579105433797
6.0044271650058025,4.551511582140256
6.411380716908542,4.6166312232011

7.150044937374905,1.7299796746523595
6.660264558965852,1.5266428376683734
5.958506523969123,1.5703443263710064
5.730995467859576,1.5512661636051073
5.495993029801474,2.0462572593502433
5.480997469883764,2.3838889963923067
5.406454855153298,2.94158269749437
5.255099048554844,3.366437752143574
5.12048579808329,3.7599151333363907
4.989600032878048,4.231410971841986
4.855161512899117,4.610129689026247
4.6921062451586835,5.1787857535047745
4.648921874469167,5.42888731949756
4.473444947677836,6.209404999094807
4.212690438920346,6.382865884369422
3.483292714577661,6.426294838846381
2.776636217128201,6.450758139114365
2.44659561688538,6.469133516605754
1.7125039838488982,6.447272674731132

7.150044937374905,1.7299796746523595
6.660264558965852,1.5266428376683734
5.958506523969123,1.5703443263710064
5.730995467859576,1.5512661636051073
5.495993029801474,2.0462572593502433
5.480997469883764,2.3838889963923067
5.406454855153298,2.94158269749437
5.255099048554844,3.366437752143574
5.12048579808329,3.7599151333363907
4.989600032878048,4.231410971841986
4.855161512899117,4.610129689026247
4.6921062451586835,5.1787857535047745
4.648921874469167,5.42888731949756
4.473444947677836,6.209404999094807
4.212690438920346,6.382865884369422
3.601861473075715,6.420723001842716

7.150044937374905,1.7299796746523595
6.660264558965852,1.5266428376683734
5.958506523969123,1.5703443263710064
5.730995467859576,1.5512661636051073
5.495993029801474,2.0462572593502433
5.480997469883764,2.3838889963923067
5.459667576248823,2.992311878919192
5.469166583784261,3.5888796191042864
5.347276608255299,4.30792582198679
5.3085839967607695,4.8260776671796215
5.219902808633495,5.573553501500703
5.241451381784098,6.3511193826333265

7.150044937374905,1.7299796746523595
6.660264558965852,1.5266428376683734
5.958506523969123,1.5703443263710064
5.730995467859576,1.5512661636051073
5.585311900702764,1.7483219097960723
5.588560952953442,2.308784756452046
5.571612987251633,3.1086052153417714
5.56142481307303,3.5371206933236863
5.5153199929637,4.33579105433797
5.813736693621561,4.76329562633956
6.006348399126837,5.114601156194084
6.2871039709519625,5.507560895542452
6.487169725848414,5.770167320163255
6.562764709119812,6.359668872615236

6.863300606551121,1.2539469448058034
6.079178853569323,1.4125441594747665
5.4596998251472035,1.7188307196371237
5.069814408489493,1.919829723763216
4.5310263880683825,2.263757808565197
3.8132612494300644,2.585517899103333
3.386466344411099,2.667396845732999
2.6013306543420223,2.687505544156335
1.8431825536710023,2.432140203029303
1.7224925689628667,2.4187386109180986
1.3847378571763647,1.6935339814058368

6.863300606551121,1.2539469448058034
6.066583326665008,1.181548216012584
5.6157119577280605,1.1243329934115418
4.950320755397025,1.1482229493975793
4.367934421926807,1.0769783336289251
3.7186243730937054,0.8630282876617157

6.863300606551121,1.2539469448058034
6.417994710441928,1.2062197230788996
5.738035130121702,1.2957163289624911

6.863300606551121,1.2539469448058034
6.079178853569323,1.4125441594747665
5.4596998251472035,1.7188307196371237
5.069814408489493,1.919829723763216
4.5310263880683825,2.263757808565197
3.8132612494300644,2.585517899103333
3.386466344411099,2.667396845732999
2.6013306543420223,2.687505544156335
2.3800459530992306,2.6571408460668895
1.7447180850453337,2.6734250730992124

6.863300606551121,1.2539469448058034
6.079178853569323,1.4125441594747665
5.535430443243131,1.7797761110765187
4.986826522361506,2.1299975955890726
4.384497673977553,2.456545235066261
3.7214870582697137,2.7968775355522575

6.863300606551121,1.2539469448058034
6.079178853569323,1.4125441594747665
5.535430443243131,1.7797761110765187
5.4433166275758875,2.2934307436079377

6.863300606551121,1.2539469448058034
6.999822823825216,1.7781697768536362
7.103460496270506,2.3539902732668576

6.863300606551121,1.2539469448058034
6.079178853569323,1.4125441594747665
5.535430443243131,1.7797761110765187
5.4448192340988735,2.131458838370821
5.273114618785124,2.6140357027912744
5.177918256298286,2.91068408661007
4.9656220597829215,3.6169971207169023
4.853318795432046,3.9732258547425934
4.635799532209533,4.743086472080002
4.572458415560559,5.273774177257
4.463613112360465,6.018197211948495
4.30497808420628,6.529820959471692
3.5294967433781235,6.515433296800532
2.770087164067724,6.547678890164864
2.243372284407349,6.634668987338981
1.9389280265100473,6.619573357664394
1.4737832059626743,6.018871801258538
1.509136491880404,5.592854396429775

6.863300606551121,1.2539469448058034
6.079178853569323,1.4125441594747665
5.535430443243131,1.7797761110765187
5.4448192340988735,2.131458838370821
5.273114618785124,2.6140357027912744
5.177918256298286,2.91068408661007
4.9656220597829215,3.6169971207169023
4.853318795432046,3.9732258547425934
4.635799532209533,4.743086472080002
4.572458415560559,5.273774177257
4.463613112360465,6.018197211948495
4.30497808420628,6.529820959471692
3.5294967433781235,6.515433296800532
2.770087164067724,6.547678890164864
2.243372284407349,6.634668987338981
1.9389280265100473,6.619573357664394
1.4737832059626743,6.018871801258538
1.7185622505957399,5.525291622048598
2.060060210336453,5.4847586730980815
2.5594497708545303,5.387101911707354

6.863300606551121,1.2539469448058034
6.079178853569323,1.4125441594747665
5.535430443243131,1.7797761110765187
5.476826922198251,2.1350159088205896
5.462621610191565,2.6676851391035803
5.534063964878747,3.0540816736637697
5.538277506002854,3.559908101902026
5.582833346346754,4.3269092199106725

6.863300606551121,1.2539469448058034
6.079178853569323,1.4125441594747665
5.535430443243131,1.7797761110765187
5.476826922198251,2.1350159088205896
5.462621610191565,2.6676851391035803
5.534063964878747,3.0540816736637697
5.538277506002854,3.559908101902026
5.582833346346754,4.3269092199106725
6.021248806375235,4.512497679919866
6.49742326655362,4.4013472934620586

6.863300606551121,1.2539469448058034
6.079178853569323,1.4125441594747665
5.535430443243131,1.7797761110765187
5.4448192340988735,2.131458838370821
5.273114618785124,2.6140357027912744
5.177918256298286,2.91068408661007
4.9656220597829215,3.6169971207169023
4.853318795432046,3.9732258547425934
4.635799532209533,4.743086472080002
4.572458415560559,5.273774177257
4.463613112360465,6.018197211948495
4.127660875464542,6.687351631325165
3.4099336239602054,7.027883542123859
3.0758717095856842,7.108427995254085
2.418710293199866,7.304192699579636
1.7490832990403806,7.500675280774007

6.863300606551121,1.2539469448058034
6.079178853569323,1.4125441594747665
5.535430443243131,1.7797761110765187
5.4448192340988735,2.131458838370821
5.273114618785124,2.6140357027912744
5.177918256298286,2.91068408661007
4.9656220597829215,3.6169971207169023
4.853318795432046,3.9732258547425934
4.635799532209533,4.743086472080002
4.572458415560559,5.273774177257
4.463613112360465,6.018197211948495
4.30497808420628,6.529820959471692
3.6102696810231096,6.513097156036458

6.863300606551121,1.2539469448058034
6.079178853569323,1.4125441594747665
5.535430443243131,1.7797761110765187
5.476826922198251,2.1350159088205896
5.372479546878115,2.9281814812352014
5.204078123100063,3.71025626056869
5.054637189561439,4.199963840594956
4.8451456850884265,4.942314883631408
4.763263595455304,5.270901571475552
4.615849237629703,5.783801783511173
4.440005688538285,6.31791797946659

6.863300606551121,1.2539469448058034
6.079178853569323,1.4125441594747665
5.535430443243131,1.7797761110765187
5.476826922198251,2.1350159088205896
5.462621610191565,2.6676851391035803
5.534063964878747,3.0540816736637697
5.538277506002854,3.559908101902026
5.582833346346754,4.3269092199106725
5.991867522097836,4.826307564589089
6.332618352020402,5.476425594588821
6.442957602352332,5.998638888753377
6.501409894081754,6.362690342744084

7.631009199916699,1.1408438384416162
6.835748651249318,1.2277958926626458
6.1490863519194825,1.418841792429797
5.390381900136463,1.6725494092737294
5.102720209804349,1.8102903875727017
4.424187836330527,2.2064668532989415
3.947465732839353,2.632933382313581
3.4558263357764583,2.562612522773805
2.66950384428113,2.415313712973524
2.5308867618882225,2.3807858657247323
1.7822587655551496,2.433369113650887
1.730499885006674,2.3977743947364956
1.3047959343981272,1.7469041102197345

7.631009199916699,1.1408438384416162
6.835748651249318,1.2277958926626458
6.440545591151418,1.2599043364722888
5.8022004346367675,1.228774941876745
5.185284159271686,1.1943722929422917
4.403359841301571,1.16432387757847
3.686910514728309,1.152383248456968

7.631009199916699,1.1408438384416162
7.102719667540265,1.1352323506530573
6.460854578299044,1.0113913333764777
5.694523035047212,0.9710266014636053

7.631009199916699,1.1408438384416162
6.835748651249318,1.2277958926626458
6.1490863519194825,1.418841792429797
5.390381900136463,1.6725494092737294
5.102720209804349,1.8102903875727017
4.424187836330527,2.2064668532989415
3.947465732839353,2.632933382313581
3.4558263357764583,2.562612522773805
2.66950384428113,2.415313712973524
2.5308867618882225,2.3807858657247323
1.7822587655551496,2.433369113650887
1.730499885006674,2.3977743947364956

7.631009199916699,1.1408438384416162
6.835748651249318,1.2277958926626458
6.1490863519194825,1.418841792429797
5.390381900136463,1.6725494092737294
5.102720209804349,1.8102903875727017
4.424187836330527,2.2064668532989415
4.294072290143287,2.3129644902217734
3.6423468425741174,2.776919165799858

7.631009199916699,1.1408438384416162
6.835748651249318,1.2277958926626458
6.423178386391605,1.3012710245159547
5.777658335486187,1.4276159047395782
5.633862555833522,1.76141645584064
5.447870492163746,2.274787303486634

7.631009199916699,1.1408438384416162
7.654123950494781,1.9405098364093385
7.672824566808106,2.2937664156815836

7.631009199916699,1.1408438384416162
6.835748651249318,1.2277958926626458
6.423178386391605,1.3012710245159547
5.777658335486187,1.4276159047395782
5.633862555833522,1.76141645584064
5.447870492163746,2.274787303486634
5.399979283242559,2.9772605321808254
5.1527147812856615,3.616054615206721
5.03673310874954,4.223980236176051
4.86560632611303,4.782812567619299
4.631975874850703,5.54793792482749
4.355380573788685,6.298600991342962
3.836497416353969,6.525867659335924
3.422118787121874,6.6391699757277856
2.7237465621572112,6.741136637281136
2.2509622045334505,6.464551795213599
1.524102412865239,6.358863008710879
1.1782598380864697,5.721644967825961

7.631009199916699,1.1408438384416162
6.835748651249318,1.2277958926626458
6.423178386391605,1.3012710245159547
5.777658335486187,1.4276159047395782
5.633862555833522,1.76141645584064
5.447870492163746,2.274787303486634
5.399979283242559,2.9772605321808254
5.1527147812856615,3.616054615206721
5.03673310874954,4.223980236176051
4.86560632611303,4.782812567619299
4.631975874850703,5.54793792482749
4.355380573788685,6.298600991342962
3.836497416353969,6.525867659335924
3.422118787121874,6.6391699757277856
2.7237465621572112,6.741136637281136
2.2509622045334505,6.464551795213599
1.6310032956356288,6.445929453496421
1.6016506697618795,5.784495476589883
1.9207558752338882,5.423820128666465
2.33730361326598,5.292117616101705

7.631009199916699,1.1408438384416162
6.835748651249318,1.2277958926626458
6.423178386391605,1.3012710245159547
5.777658335486187,1.4276159047395782
5.633862555833522,1.76141645584064
5.447870492163746,2.274787303486634
5.399979283242559,2.9772605321808254
5.35262143058284,3.424372058103613
5.414828075128014,4.221949849528644
5.4582789678910615,4.387293260675531

7.631009199916699,1.1408438384416162
6.835748651249318,1.2277958926626458
6.423178386391605,1.3012710245159547
5.777658335486187,1.4276159047395782
5.633862555833522,1.76141645584064
5.447870492163746,2.274787303486634
5.4880329077133965,2.9298132092242097
5.4582463329960484,3.1109585116285263
5.544891554042515,3.8139517314684084
5.506392622725133,4.190201985112025
5.694870882838857,4.38423883809754
6.313176329250279,4.426267532969396

7.631009199916699,1.1408438384416162
6.835748651249318,1.2277958926626458
6.423178386391605,1.3012710245159547
5.777658335486187,1.4276159047395782
5.633862555833522,1.76141645584064
5.447870492163746,2.274787303486634
5.399979283242559,2.9772605321808254
5.1527147812856615,3.616054615206721
5.03673310874954,4.223980236176051
4.86560632611303,4.782812567619299
4.631975874850703,5.54793792482749
4.355380573788685,6.298600991342962
3.836497416353969,6.525867659335924
3.422118787121874,6.6391699757277856
2.7237465621572112,6.741136637281136
2.2509622045334505,6.464551795213599
1.6310032956356288,6.445929453496421

7.631009199916699,1.1408438384416162
6.835748651249318,1.2277958926626458
6.423178386391605,1.3012710245159547
5.777658335486187,1.4276159047395782
5.633862555833522,1.76141645584064
5.447870492163746,2.274787303486634
5.399979283242559,2.9772605321808254
5.1527147812856615,3.616054615206721
5.03673310874954,4.223980236176051
4.86560632611303,4.782812567619299
4.631975874850703,5.54793792482749
4.355380573788685,6.298600991342962
4.216931307891549,6.4104330521443185
3.416934904922008,6.412832059396387

7.631009199916699,1.1408438384416162
6.835748651249318,1.2277958926626458
6.423178386391605,1.3012710245159547
5.777658335486187,1.4276159047395782
5.633862555833522,1.76141645584064
5.447870492163746,2.274787303486634
5.4880329077133965,2.9298132092242097
5.603177489408455,3.7214834216904045
5.585917316014015,4.4347434971349164
5.588195879331621,5.126126327290183
5.634959847108992,5.6830220629795525
5.598517246091674,6.314411586734047

7.631009199916699,1.1408438384416162
6.835748651249318,1.2277958926626458
6.423178386391605,1.3012710245159547
5.777658335486187,1.4276159047395782
5.633862555833522,1.76141645584064
5.447870492163746,2.274787303486634
5.4880329077133965,2.9298132092242097
5.603177489408455,3.7214834216904045
5.585917316014015,4.4347434971349164
6.011713384121626,5.100112592297659
6.273701746471631,5.4899611128953785
6.536160586860003,5.868071904517273
6.477366059634529,6.29859386623705

7.294064135213956,1.2324150321754728
6.546888402688721,1.4029453399774208
5.805110356676906,1.541556894593733
5.2006181245643495,1.886039673935478
4.712018553230115,2.2439621745469696
4.424991430167021,2.4681079459087516
3.880050034705296,2.525656785634886
3.1024131384287443,2.5530814995307365
2.3359375121866472,2.5118314627929563
2.2367352498274498,2.543261593349002
1.531278485626304,2.296882270265871
1.5361683596105598,1.4986642239212637

7.294064135213956,1.2324150321754728
6.575005644325541,1.263383824250705
6.069701935208745,1.342986451888414
5.6875557931049485,1.370850361877636
4.939125390895491,1.3516357263028786
4.363651755554194,1.430211096850977
3.7398534262699923,1.5444061818383537

7.294064135213956,1.2324150321754728
6.575005644325541,1.263383824250705
6.069701935208745,1.342986451888414
5.6875557931049485,1.370850361877636

7.294064135213956,1.2324150321754728
6.546888402688721,1.4029453399774208
5.805110356676906,1.541556894593733
5.2006181245643495,1.886039673935478
4.712018553230115,2.2439621745469696
4.424991430167021,2.4681079459087516
3.880050034705296,2.525656785634886
3.250148015403255,2.6353459447588383
3.0591465552596837,2.718097032536602
2.3948391236270568,2.926362912914019
1.7449714850951021,3.0510523403780465

7.294064135213956,1.2324150321754728
6.546888402688721,1.4029453399774208
5.805110356676906,1.541556894593733
5.110385737315415,1.819111881240274
4.423624007603603,2.2294267927451332
4.381463013832582,2.242941955543013
3.745858796335569,2.728747759028325

7.294064135213956,1.2324150321754728
6.546888402688721,1.4029453399774208
5.805110356676906,1.541556894593733
5.650576050004437,1.7506049263532892
5.511204372420925,2.1992721888027513
5.526185498140863,2.30096536395068

7.294064135213956,1.2324150321754728
7.194616040595793,1.872465208663852
7.172870216840252,2.3259231993069904

7.294064135213956,1.2324150321754728
6.546888402688721,1.4029453399774208
5.805110356676906,1.541556894593733
5.650576050004437,1.7506049263532892
5.511204372420925,2.1992721888027513
5.526185498140863,2.30096536395068
5.342923576720145,3.0796919322384113
5.140149847395829,3.6844088438170823
4.9977987665150065,4.238891039370684
4.821610798852328,4.959402460691559
4.8324172571635255,5.133695640162516
4.570499950495607,5.8434610739408726
4.394125397771273,6.20773585293459
4.106468129416892,6.542728443028409
3.3065277673146927,6.532960276373285
2.6714712578542255,6.539020693857358
1.873187663991279,6.486644136417429
1.7034108539852304,6.357122098701533
1.3000147536479583,5.666273644818424

7.294064135213956,1.2324150321754728
6.546888402688721,1.4029453399774208
5.805110356676906,1.541556894593733
5.650576050004437,1.7506049263532892
5.511204372420925,2.1992721888027513
5.526185498140863,2.30096536395068
5.342923576720145,3.0796919322384113
5.140149847395829,3.6844088438170823
4.9977987665150065,4.238891039370684
4.821610798852328,4.959402460691559
4.8324172571635255,5.133695640162516
4.570499950495607,5.8434610739408726
4.394125397771273,6.20773585293459
4.106468129416892,6.542728443028409
3.3065277673146927,6.532960276373285
2.6714712578542255,6.539020693857358
1.873187663991279,6.486644136417429
1.7034108539852304,6.357122098701533
1.4223709845718666,5.9915688211549405
1.6400878883983803,5.685064619906042
2.291226587864234,5.355071219376166

7.294064135213956,1.2324150321754728
6.546888402688721,1.4029453399774208
5.805110356676906,1.541556894593733
5.650576050004437,1.7506049263532892
5.511204372420925,2.1992721888027513
5.526185498140863,2.30096536395068
5.342923576720145,3.0796919322384113
5.344303778273226,3.7202803322150957
5.299715454946165,4.374730215349955

7.294064135213956,1.2324150321754728
6.546888402688721,1.4029453399774208
5.805110356676906,1.541556894593733
5.650576050004437,1.7506049263532892
5.511204372420925,2.1992721888027513
5.526185498140863,2.30096536395068
5.561721091494396,3.1001757377603623
5.547480146868796,3.6175818601237992
5.651297519842953,4.400897981054525
5.9732141948805735,4.547649301392817
6.412385992963529,4.75831114921674

7.294064135213956,1.2324150321754728
6.546888402688721,1.4029453399774208
5.805110356676906,1.541556894593733
5.650576050004437,1.7506049263532892
5.511204372420925,2.1992721888027513
5.526185498140863,2.30096536395068
5.342923576720145,3.0796919322384113
5.140149847395829,3.6844088438170823
4.9977987665150065,4.238891039370684
4.821610798852328,4.959402460691559
4.8324172571635255,5.133695640162516
4.570499950495607,5.8434610739408726
4.394125397771273,6.20773585293459
4.106468129416892,6.542728443028409
3.3065277673146927,6.532960276373285
2.6714712578542255,6.539020693857358
1.873187663991279,6.486644136417429
1.7034108539852304,6.357122098701533

7.294064135213956,1.2324150321754728
6.546888402688721,1.4029453399774208
5.805110356676906,1.541556894593733
5.650576050004437,1.7506049263532892
5.511204372420925,2.1992721888027513
5.526185498140863,2.30096536395068
5.342923576720145,3.0796919322384113
5.140149847395829,3.6844088438170823
4.9977987665150065,4.238891039370684
4.821610798852328,4.959402460691559
4.8324172571635255,5.133695640162516
4.570499950495607,5.8434610739408726
4.394125397771273,6.20773585293459
4.106468129416892,6.542728443028409
3.749153392196131,6.761002055256937

7.294064135213956,1.2324150321754728
6.546888402688721,1.4029453399774208
5.805110356676906,1.541556894593733
5.650576050004437,1.7506049263532892
5.511204372420925,2.1992721888027513
5.526185498140863,2.30096536395068
5.561721091494396,3.1001757377603623
5.547480146868796,3.6175818601237992
5.4723183460315274,4.414043223715844
5.443188490020755,5.03844219614002
5.390521207811208,5.537003788891768
5.352619870691433,5.884362311053557
5.228389843360724,6.335850413738351

7.294064135213956,1.2324150321754728
6.546888402688721,1.4029453399774208
5.805110356676906,1.541556894593733
5.650576050004437,1.7506049263532892
5.511204372420925,2.1992721888027513
5.526185498140863,2.30096536395068
5.561721091494396,3.1001757377603623
5.547480146868796,3.6175818601237992
5.651297519842953,4.400897981054525
5.973386083201993,4.845970300135879
6.2048189178332125,5.313390283909772
6.345432213914965,5.589401826282908
6.515111340608772,6.256687946932406

7.15356046389788,1.8475929341196766
6.720859476099555,1.7346302128126565
6.053677180843375,1.6043942508206375
5.530808971770666,1.6206438908109406
4.871704164442269,2.0740541387725377
4.382358518712682,2.334595095311407
3.6324654224440738,2.59359870660123
2.9141680264213763,2.6379774281653265
2.463592761389234,2.5963646794745054
1.8189108641959293,2.5493196729513596
1.6265776565509331,2.224304674330004
1.2316445772698044,1.7497245394213825

7.15356046389788,1.8475929341196766
6.720859476099555,1.7346302128126565
6.053677180843375,1.6043942508206375
5.530808971770666,1.6206438908109406
4.945201375513456,1.6236997465115028
4.233363481598273,1.5805756889186449
3.736247724648459,1.5481667485445554

7.15356046389788,1.8475929341196766
6.720859476099555,1.7346302128126565
6.053677180843375,1.6043942508206375
5.737261264638776,1.5112669575272146

7.15356046389788,1.8475929341196766
6.720859476099555,1.7346302128126565
6.053677180843375,1.6043942508206375
5.530808971770666,1.6206438908109406
4.871704164442269,2.0740541387725377
4.382358518712682,2.334595095311407
3.6324654224440738,2.59359870660123
2.9141680264213763,2.6379774281653265
2.463592761389234,2.5963646794745054
1.8986236840992121,2.7405953932478773
1.5933569501231002,2.7118224499920274

7.15356046389788,1.8475929341196766
6.720859476099555,1.7346302128126565
6.053677180843375,1.6043942508206375
5.530808971770666,1.6206438908109406
4.871704164442269,2.0740541387725377
4.382358518712682,2.334595095311407
3.637747293003911,2.600830744290392

7.15356046389788,1.8475929341196766
6.720859476099555,1.7346302128126565
6.053677180843375,1.6043942508206375
5.737261264638776,1.5112669575272146
5.599466386686684,1.8267422581689776
5.4360783056029325,2.415015403950364

7.15356046389788,1.8475929341196766
7.504058180690228,2.268839844910742

7.15356046389788,1.8475929341196766
6.720859476099555,1.7346302128126565
6.053677180843375,1.6043942508206375
5.737261264638776,1.5112669575272146
5.599466386686684,1.8267422581689776
5.4360783056029325,2.415015403950364
5.401295600068735,2.7760804520985487
5.269192768384723,3.1986260294030164
5.1004466940213735,3.8040520840854017
5.0232363226342684,4.012468675636153
4.770193207160657,4.746758777588696
4.587298867683585,5.525571759367535
4.389942489392749,6.28201976966951
3.7119127096099063,6.623133190284137
3.229519548320543,6.539527313773425
2.799546336287098,6.462071803607196
2.294518507394056,6.451410245252281
1.7282050688914312,6.353229463762807
1.5219570748101954,6.058906469949792
1.4271424388812632,5.7097979266189425

7.15356046389788,1.8475929341196766
6.720859476099555,1.7346302128126565
6.053677180843375,1.6043942508206375
5.737261264638776,1.5112669575272146
5.599466386686684,1.8267422581689776
5.4360783056029325,2.415015403950364
5.401295600068735,2.7760804520985487
5.269192768384723,3.1986260294030164
5.1004466940213735,3.8040520840854017
5.0232363226342684,4.012468675636153
4.770193207160657,4.746758777588696
4.587298867683585,5.525571759367535
4.389942489392749,6.28201976966951
3.7119127096099063,6.623133190284137
3.229519548320543,6.539527313773425
2.799546336287098,6.462071803607196
2.294518507394056,6.451410245252281
1.7282050688914312,6.353229463762807
1.5219570748101954,6.058906469949792
1.4271424388812632,5.7097979266189425
1.9731345680056154,5.4429440441313055
2.2935661632782685,5.177313888576962

7.15356046389788,1.8475929341196766
6.720859476099555,1.7346302128126565
6.053677180843375,1.6043942508206375
5.737261264638776,1.5112669575272146
5.599466386686684,1.8267422581689776
5.4360783056029325,2.415015403950364
5.379256660631577,2.9177906375576033
5.26464775358363,3.5643236671349885
5.136802865134104,4.256222797750539

7.15356046389788,1.8475929341196766
6.720859476099555,1.7346302128126565
6.053677180843375,1.6043942508206375
5.737261264638776,1.5112669575272146
5.599466386686684,1.8267422581689776
5.5240437207277,2.609869127789157
5.532807681041528,3.3426000491851253
5.557350538790297,3.758740005437129
5.580876140335889,4.299170322847638
6.257507517851753,4.59965208293063

7.15356046389788,1.8475929341196766
6.720859476099555,1.7346302128126565
6.053677180843375,1.6043942508206375
5.737261264638776,1.5112669575272146
5.599466386686684,1.8267422581689776
5.4360783056029325,2.415015403950364
5.401295600068735,2.7760804520985487
5.269192768384723,3.1986260294030164
5.1004466940213735,3.8040520840854017
5.0232363226342684,4.012468675636153
4.770193207160657,4.746758777588696
4.587298867683585,5.525571759367535
4.389942489392749,6.28201976966951
3.7119127096099063,6.623133190284137
3.229519548320543,6.539527313773425
2.799546336287098,6.462071803607196
2.294518507394056,6.451410245252281
1.7282050688914312,6.353229463762807

7.15356046389788,1.8475929341196766
6.720859476099555,1.7346302128126565
6.053677180843375,1.6043942508206375
5.737261264638776,1.5112669575272146
5.599466386686684,1.8267422581689776
5.4360783056029325,2.415015403950364
5.401295600068735,2.7760804520985487
5.269192768384723,3.1986260294030164
5.1004466940213735,3.8040520840854017
5.0232363226342684,4.012468675636153
4.770193207160657,4.746758777588696
4.587298867683585,5.525571759367535
4.389942489392749,6.28201976966951
3.7119127096099063,6.623133190284137

7.15356046389788,1.8475929341196766
6.720859476099555,1.7346302128126565
6.053677180843375,1.6043942508206375
5.737261264638776,1.5112669575272146
5.599466386686684,1.8267422581689776
5.5240437207277,2.609869127789157
5.532807681041528,3.3426000491851253
5.468590037689065,3.8386172406583325
5.4431992752927,4.226610978638452
5.406154169087438,4.945096287581956
5.40540832575467,5.4417205920084015
5.370941497247117,6.117800973797595
5.339759967136813,6.420869029819094

7.15356046389788,1.8475929341196766
6.720859476099555,1.7346302128126565
6.053677180843375,1.6043942508206375
5.737261264638776,1.5112669575272146
5.599466386686684,1.8267422581689776
5.5240437207277,2.609869127789157
5.532807681041528,3.3426000491851253
5.558244769602221,3.993904578620415
5.811832407690455,4.752649140254191
6.008084319036509,5.181187548611615
6.215623463357063,5.515302133697347
6.429015226989293,5.899112164659041
6.498499314238682,6.290092137516629

6.452088950040597,0.633963316176809
5.8920778280796915,1.12093098385608
5.625024103863642,1.3992832465914822
5.252236535115789,1.7532847466396997
4.7687972161000936,2.17512343187041
4.476900971241615,2.4034911477998886
3.767811903800477,2.6785415268804
3.20149196087615,2.6490773295012886
2.917242038043732,2.668961905363165
2.124534901749073,2.643819784430277
1.6353409119888582,2.2583940555910247
1.1287501792274501,1.6768599379961797

6.452088950040597,0.633963316176809
5.790520247977938,0.6233274092323802
5.311677628211027,0.5703534616192798
4.935994369379844,0.5081823873579441
4.205022854884604,0.3473145262223294
3.614054382008092,0.2704481350776114

6.452088950040597,0.633963316176809
5.711884002877623,0.9341795955561485

6.452088950040597,0.633963316176809
5.8920778280796915,1.12093098385608
5.625024103863642,1.3992832465914822
5.252236535115789,1.7532847466396997
4.7687972161000936,2.17512343187041
4.476900971241615,2.4034911477998886
3.767811903800477,2.6785415268804
3.20149196087615,2.6490773295012886
2.486563444244495,2.601591997421668
1.7058126090938863,2.4643350159801645

6.452088950040597,0.633963316176809
5.8920778280796915,1.12093098385608
5.625024103863642,1.3992832465914822
5.252236535115789,1.7532847466396997
4.7687972161000936,2.17512343187041
4.345421295566628,2.5070229529398085
3.662962320055817,2.4055939981898993

6.452088950040597,0.633963316176809
5.892416235896995,1.1205740260686312
5.656941209340278,1.7208207508327138
5.489547401449427,2.2776604237568776

6.452088950040597,0.633963316176809
6.4423419887581685,1.3959693120718963
6.478989583735622,2.078101482498404
6.518106675372665,2.3138665153498166

6.452088950040597,0.633963316176809
5.892416235896995,1.1205740260686312
5.656941209340278,1.7208207508327138
5.489547401449427,2.2776604237568776
5.3790767902122685,2.91278430746753
5.212415408883842,3.6952317395507985
5.077003428062763,4.426826517230697
4.935413196556068,4.949810544816899
4.7015212453263295,5.6348265314434665
4.542487631734192,6.388432933788723
3.952480188305059,6.4347245056688775
3.1525211338923915,6.4266306028284195
2.454634224021348,6.4217015345117545
1.81357356180006,6.500090146738376
1.6052592421257859,6.2835977514226915
1.4450873181849997,5.690180125337786

6.452088950040597,0.633963316176809
5.892416235896995,1.1205740260686312
5.656941209340278,1.7208207508327138
5.489547401449427,2.2776604237568776
5.3790767902122685,2.91278430746753
5.212415408883842,3.6952317395507985
5.077003428062763,4.426826517230697
4.935413196556068,4.949810544816899
4.7015212453263295,5.6348265314434665
4.542487631734192,6.388432933788723
3.952480188305059,6.4347245056688775
3.1525211338923915,6.4266306028284195
2.454634224021348,6.4217015345117545
1.81357356180006,6.500090146738376
1.6052592421257859,6.2835977514226915
1.5665374077630834,5.603936516129348
1.7535055466541303,5.601393807081324
2.369043333342244,5.516088225004792

6.452088950040597,0.633963316176809
5.892416235896995,1.1205740260686312
5.656941209340278,1.7208207508327138
5.568057220378779,1.9489464610936986
5.565636349699665,2.246168453964036
5.494466478893284,3.0429964463748216
5.4590822751075825,3.8422135371095303
5.476306344118594,4.256434915822474

6.452088950040597,0.633963316176809
5.892416235896995,1.1205740260686312
5.656941209340278,1.7208207508327138
5.568057220378779,1.9489464610936986
5.565636349699665,2.246168453964036
5.494466478893284,3.0429964463748216
5.508891690506966,3.7534228279306396
5.667130283590424,4.353437165478432
6.357829236849679,4.560410188963094

6.452088950040597,0.633963316176809
5.892416235896995,1.1205740260686312
5.656941209340278,1.7208207508327138
5.489547401449427,2.2776604237568776
5.3790767902122685,2.91278430746753
5.212415408883842,3.6952317395507985
5.077003428062763,4.426826517230697
4.935413196556068,4.949810544816899
4.7015212453263295,5.6348265314434665
4.542487631734192,6.388432933788723
4.0672891071540445,6.4299128024537175
3.3416489607047732,6.5256032102975325
3.143384173473839,6.514320903602317
2.3551628335710113,6.525398322580316
1.7174818742076263,6.687145669684706

6.452088950040597,0.633963316176809
5.892416235896995,1.1205740260686312
5.656941209340278,1.7208207508327138
5.489547401449427,2.2776604237568776
5.3790767902122685,2.91278430746753
5.212415408883842,3.6952317395507985
5.077003428062763,4.426826517230697
4.935413196556068,4.949810544816899
4.7015212453263295,5.6348265314434665
4.542487631734192,6.388432933788723
3.949493065536709,6.496170089245317
3.683780836559997,6.520120090918566

6.452088950040597,0.633963316176809
5.892416235896995,1.1205740260686312
5.656941209340278,1.7208207508327138
5.568057220378779,1.9489464610936986
5.565636349699665,2.246168453964036
5.494466478893284,3.0429964463748216
5.4590822751075825,3.8422135371095303
5.459183687917265,4.642213530681682
5.452897305999342,5.0713640574107615
5.446738960985601,5.785805870477727
5.339849929240485,6.32352248381735

6.452088950040597,0.633963316176809
5.892416235896995,1.1205740260686312
5.656941209340278,1.7208207508327138
5.568057220378779,1.9489464610936986
5.565636349699665,2.246168453964036
5.494466478893284,3.0429964463748216
5.508891690506966,3.7534228279306396
5.667130283590424,4.353437165478432
5.742045981370103,4.600963729344054
6.158977187654519,5.194312329904053
6.236513462932009,5.355231457752636
6.496704502697934,6.111736991655413
6.542218498423745,6.339556440428634

7.237223153529439,0.6906467093312358
6.715779631638882,0.9193255474164297
6.302310021151477,1.172414117778228
5.875992564619524,1.4365603218109746
5.594991445749877,1.6251332963323564
4.947779863853537,1.9590560122950402
4.299388207839293,2.38987369226313
3.7781526084920465,2.44172818378694
3.1630113472301913,2.434618386519496
2.3632922560737972,2.4558168591057736
1.7106401780364688,2.592650273443559
1.3802932152801521,1.9167435045253982
1.3393311504277303,1.7416946147010792

7.237223153529439,0.6906467093312358
6.472022488205704,0.45726302997872936
5.817596872753412,0.37328706545339285
5.0205767347046795,0.30430228782252616
4.546906884746526,0.3576271946029032
3.747616335407351,0.391311281900629

7.237223153529439,0.6906467093312358
6.443696027762456,0.5890853944914276
5.692771864362134,0.6382836510123744

7.237223153529439,0.6906467093312358
6.715779631638882,0.9193255474164297
6.302310021151477,1.172414117778228
5.875992564619524,1.4365603218109746
5.594991445749877,1.6251332963323564
4.947779863853537,1.9590560122950402
4.299388207839293,2.38987369226313
3.7781526084920465,2.44172818378694
3.1630113472301913,2.434618386519496
2.3632922560737972,2.4558168591057736
1.7106401780364688,2.592650273443559

7.237223153529439,0.6906467093312358
6.715779631638882,0.9193255474164297
6.302310021151477,1.172414117778228
5.875992564619524,1.4365603218109746
5.594991445749877,1.6251332963323564
4.947779863853537,1.9590560122950402
4.307951018278782,2.3063508424811623
4.244919557200441,2.3449031339807265
3.739337304725109,2.548906076646692

7.237223153529439,0.6906467093312358
6.715779631638882,0.9193255474164297
6.302310021151477,1.172414117778228
5.972902239939765,1.3706122330716155
5.567974365114101,1.785282778857436
5.52249840625796,2.4673443267059203

7.237223153529439,0.6906467093312358
7.353309018170779,1.4414760355667495
7.385240712901651,1.6227496701509103
7.456156132007381,2.2726465862990253

7.237223153529439,0.6906467093312358
6.715779631638882,0.9193255474164297
6.302310021151477,1.172414117778228
5.972902239939765,1.3706122330716155
5.567974365114101,1.785282778857436
5.52249840625796,2.4673443267059203
5.382460518364165,3.1845340848969452
5.241236769144828,3.7444700847942505
4.971343629549778,4.4653773436243505
4.914165608996725,4.570079235731464
4.675085226624963,5.28960821920044
4.393473282066064,6.038403727120831
4.356783204289526,6.356915459095889
3.5595930948512957,6.4239074691707
2.99140155781823,6.420961292357998
2.702762771712841,6.497830499901216
1.9234360021963255,6.6785230186034354
1.3962168407201565,6.116388348909123
1.4201854375951848,5.685086366255216

7.237223153529439,0.6906467093312358
6.715779631638882,0.9193255474164297
6.302310021151477,1.172414117778228
5.972902239939765,1.3706122330716155
5.567974365114101,1.785282778857436
5.52249840625796,2.4673443267059203
5.382460518364165,3.1845340848969452
5.241236769144828,3.7444700847942505
4.971343629549778,4.4653773436243505
4.914165608996725,4.570079235731464
4.675085226624963,5.28960821920044
4.393473282066064,6.038403727120831
4.356783204289526,6.356915459095889
3.5595930948512957,6.4239074691707
2.99140155781823,6.420961292357998
2.702762771712841,6.497830499901216
1.9234360021963255,6.6785230186034354
1.3962168407201565,6.116388348909123
1.7717492051027715,5.449430355986428
2.313972184914663,5.155679683527017

7.237223153529439,0.6906467093312358
6.715779631638882,0.9193255474164297
6.302310021151477,1.172414117778228
5.972902239939765,1.3706122330716155
5.567974365114101,1.785282778857436
5.52249840625796,2.4673443267059203
5.517428725817126,2.875094944294914
5.4971296838473505,3.5244650229025583
5.556811368385475,4.276073862365257

7.237223153529439,0.6906467093312358
6.715779631638882,0.9193255474164297
6.302310021151477,1.172414117778228
5.972902239939765,1.3706122330716155
5.567974365114101,1.785282778857436
5.52249840625796,2.4673443267059203
5.5848103720384215,3.071655090636214
5.5514001559499295,3.821243890290526
5.5884970311896875,4.278037224448184
5.718626640157804,4.339860524618111
6.390741222960229,4.598311952827394

7.237223153529439,0.6906467093312358
6.715779631638882,0.9193255474164297
6.302310021151477,1.172414117778228
5.972902239939765,1.3706122330716155
5.567974365114101,1.785282778857436
5.52249840625796,2.4673443267059203
5.382460518364165,3.1845340848969452
5.241236769144828,3.7444700847942505
4.971343629549778,4.4653773436243505
4.914165608996725,4.570079235731464
4.675085226624963,5.28960821920044
4.393473282066064,6.038403727120831
4.356783204289526,6.356915459095889
3.5595930948512957,6.4239074691707
2.99140155781823,6.420961292357998
2.702762771712841,6.497830499901216
1.9234360021963255,6.6785230186034354
1.7275653261514317,6.646320214921294

7.237223153529439,0.6906467093312358
6.715779631638882,0.9193255474164297
6.302310021151477,1.172414117778228
5.972902239939765,1.3706122330716155
5.567974365114101,1.785282778857436
5.52249840625796,2.4673443267059203
5.382460518364165,3.1845340848969452
5.241236769144828,3.7444700847942505
4.971343629549778,4.4653773436243505
4.914165608996725,4.570079235731464
4.675085226624963,5.28960821920044
4.393473282066064,6.038403727120831
4.356783204289526,6.356915459095889
4.051931445775707,6.444727620332068
3.62481828852244,6.386360962733514

7.237223153529439,0.6906467093312358
6.715779631638882,0.9193255474164297
6.302310021151477,1.172414117778228
5.972902239939765,1.3706122330716155
5.567974365114101,1.785282778857436
5.52249840625796,2.4673443267059203
5.490644220494571,2.976041941352714
5.4473935332810575,3.4905794142272493
5.4389373414619735,3.858243330410012
5.449851840363901,4.5167911009917
5.425601291634755,5.182013649584529
5.356365232240642,5.50883494741971
5.381462454619575,6.270467674447961

7.237223153529439,0.6906467093312358
6.715779631638882,0.9193255474164297
6.302310021151477,1.172414117778228
5.972902239939765,1.3706122330716155
5.567974365114101,1.785282778857436
5.52249840625796,2.4673443267059203
5.5848103720384215,3.071655090636214
5.5514001559499295,3.821243890290526
5.584571172903427,4.133771630110939
5.757391405753399,4.547909121280829
6.071656530936566,5.233266475779416
6.41918349021232,5.8613521338573085
6.579826672142767,6.351326873304524

7.7209751495909575,0.2529142911436575
7.071331029267788,0.719778850656944
6.453050556799927,1.1078857448413926
5.961225475844664,1.4317465548356052
5.50118363908074,1.6934953185844208
4.888675577772896,2.0648772012026013
4.253787348741554,2.4048441705051573
3.4911326886973906,2.4885457101944324
3.110329701001069,2.492815945957177
2.590622216639498,2.462265220160534
1.8602194650283181,2.570808664535244
1.3249458778347816,1.9897410321112177
0.9088054476478635,1.578852172043471

7.7209751495909575,0.2529142911436575
6.936790609205893,0.4112007612573867
6.215411771316603,0.5434780541937524
5.5387334218987885,0.6869595244840323
4.821679887538229,0.8428880160899603
4.411656406212325,0.947867521258328
3.802989346344895,1.2233849150936307
3.6804991980881883,1.3170997071822657

7.7209751495909575,0.2529142911436575
7.24883022521223,0.44581808835580955
6.67987517161931,0.6324286902090348
5.924464864965158,0.8165097091595506
5.676506181765034,0.8688498672953833

7.7209751495909575,0.2529142911436575
7.071331029267788,0.719778850656944
6.453050556799927,1.1078857448413926
5.961225475844664,1.4317465548356052
5.50118363908074,1.6934953185844208
4.888675577772896,2.0648772012026013
4.253787348741554,2.4048441705051573
3.4911326886973906,2.4885457101944324
3.110329701001069,2.492815945957177
2.546373191831812,2.4314595559457324
1.7617364949129557,2.54264887549963
1.738980781443016,2.5380377238673217

7.7209751495909575,0.2529142911436575
7.071331029267788,0.719778850656944
6.453050556799927,1.1078857448413926
5.961225475844664,1.4317465548356052
5.50118363908074,1.6934953185844208
4.888675577772896,2.0648772012026013
4.253787348741554,2.4048441705051573
3.7002100275435152,2.5396342609508147

7.7209751495909575,0.2529142911436575
7.071331029267788,0.719778850656944
6.453050556799927,1.1078857448413926
5.961225475844664,1.4317465548356052
5.514183363578413,1.8648072663156303
5.462540036455099,2.26727706407098

7.7209751495909575,0.2529142911436575
7.661569684446883,0.4482512202549379
7.62877224154523,1.1426260051556165
7.611245523042175,1.6345231871118946
7.626475655108548,2.3978764191764226

7.7209751495909575,0.2529142911436575
7.071331029267788,0.719778850656944
6.453050556799927,1.1078857448413926
5.961225475844664,1.4317465548356052
5.514183363578413,1.8648072663156303
5.258576271050596,2.62287389547792
5.151816633109977,3.190936596963051
4.9342925498606975,3.919127642816567
4.769388243960781,4.695769463914166
4.594397269299031,5.476396236954222
4.409253819451631,6.101358592220957
4.349635803130907,6.33415211373006
3.8330537876273856,6.473230774652488
3.0941991921478165,6.459679639210743
2.522950601000619,6.449845494337133
2.2170253771427006,6.5034394188236835
1.5168546419620594,6.2946147233044405
1.26266145965687,5.566028910052115

7.7209751495909575,0.2529142911436575
7.071331029267788,0.719778850656944
6.453050556799927,1.1078857448413926
5.961225475844664,1.4317465548356052
5.514183363578413,1.8648072663156303
5.258576271050596,2.62287389547792
5.151816633109977,3.190936596963051
4.9342925498606975,3.919127642816567
4.769388243960781,4.695769463914166
4.594397269299031,5.476396236954222
4.409253819451631,6.101358592220957
4.349635803130907,6.33415211373006
3.8330537876273856,6.473230774652488
3.0941991921478165,6.459679639210743
2.522950601000619,6.449845494337133
2.2170253771427006,6.5034394188236835
1.5168546419620594,6.2946147233044405
1.3548002675118924,6.016064123829023
1.8180836245186434,5.363861294089259
2.26175208230147,5.0677458974046825

7.7209751495909575,0.2529142911436575
7.071331029267788,0.719778850656944
6.453050556799927,1.1078857448413926
5.961225475844664,1.4317465548356052
5.514183363578413,1.8648072663156303
5.462540036455099,2.26727706407098
5.387186178639901,3.0002519136103505
5.62001374277569,3.5070761344013697
5.589204394327933,4.304503768709849

7.7209751495909575,0.2529142911436575
7.071331029267788,0.719778850656944
6.453050556799927,1.1078857448413926
5.961225475844664,1.4317465548356052
5.636830781642482,1.6429971318177834
5.555625064379843,2.113572982034505
5.465990744593751,2.7155568890473254
5.457798849323902,3.420280312777453
5.473064222293638,4.220134654759851
6.177844324496038,4.551820239348088
6.49222294431856,4.519828194855352

7.7209751495909575,0.2529142911436575
7.071331029267788,0.719778850656944
6.453050556799927,1.1078857448413926
5.961225475844664,1.4317465548356052
5.514183363578413,1.8648072663156303
5.258576271050596,2.62287389547792
5.151816633109977,3.190936596963051
4.9342925498606975,3.919127642816567
4.769388243960781,4.695769463914166
4.594397269299031,5.476396236954222
4.409253819451631,6.101358592220957
4.349635803130907,6.33415211373006
3.8330537876273856,6.473230774652488
3.0490571564677023,6.632445354167893
2.4670978873782006,6.708352917333522
2.1824742089738014,6.75221100391833
1.5563597202672235,6.81514638608848

7.7209751495909575,0.2529142911436575
7.071331029267788,0.719778850656944
6.453050556799927,1.1078857448413926
5.961225475844664,1.4317465548356052
5.514183363578413,1.8648072663156303
5.258576271050596,2.62287389547792
5.151816633109977,3.190936596963051
4.9342925498606975,3.919127642816567
4.769388243960781,4.695769463914166
4.594397269299031,5.476396236954222
4.409253819451631,6.101358592220957
4.349635803130907,6.33415211373006
3.6820260402269978,6.648150910218816

7.7209751495909575,0.2529142911436575
7.071331029267788,0.719778850656944
6.453050556799927,1.1078857448413926
5.961225475844664,1.4317465548356052
5.636830781642482,1.6429971318177834
5.555625064379843,2.113572982034505
5.465990744593751,2.7155568890473254
5.457798849323902,3.420280312777453
5.449795747095829,4.220240280747555
5.387336241687774,4.713455168642288
5.475883740467944,5.401077658395057
5.55044535121215,6.110595177594033
5.568099241128871,6.261504151189135

7.7209751495909575,0.2529142911436575
7.071331029267788,0.719778850656944
6.453050556799927,1.1078857448413926
5.961225475844664,1.4317465548356052
5.636830781642482,1.6429971318177834
5.555625064379843,2.113572982034505
5.465990744593751,2.7155568890473254
5.457798849323902,3.420280312777453
5.473064222293638,4.220134654759851
5.690647765968897,4.569273322230565
6.092736636743099,5.110044653286638
6.284008562907349,5.5379868846371005
6.6111687416248825,6.220428915734349
6.758665264313265,6.441237068077091

6.600732158800949,0.5968535942666229
5.977511209145167,1.0984467041775798
5.657304768161915,1.35198859904825
5.216158874267898,1.7617986184094272
4.598110916754337,2.24846347857188
4.353955995613291,2.4884547490306477
3.7403416286913718,2.4021041865182466
2.9923884821301865,2.4291821171749977
2.7833659583930546,2.431708967582206
2.14321657102873,2.424179782722738
1.7777021058432734,2.4450458448368613
1.5301273615925968,2.0861069000116044
1.2856969049238054,1.5311343751526738

6.600732158800949,0.5968535942666229
5.858798398388667,0.534753587522591
5.080312859272346,0.5040833157610071
4.400830942957547,0.5691919820365903
3.656951216473668,0.4386446291380695

6.600732158800949,0.5968535942666229
5.882468815672491,0.5248411620065032
5.71965594904849,0.5056649889871541

6.600732158800949,0.5968535942666229
5.977511209145167,1.0984467041775798
5.657304768161915,1.35198859904825
5.216158874267898,1.7617986184094272
4.598110916754337,2.24846347857188
4.353955995613291,2.4884547490306477
3.6370379533471184,2.7152174166400362
3.1344905345248293,2.8029550359441346
2.3347719286845416,2.8241718093290413
1.652346702446522,3.033910473110671

6.600732158800949,0.5968535942666229
5.977511209145167,1.0984467041775798
5.657304768161915,1.35198859904825
5.216158874267898,1.7617986184094272
4.598110916754337,2.24846347857188
4.353955995613291,2.4884547490306477
3.7403416286913718,2.4021041865182466

6.600732158800949,0.5968535942666229
6.108419969203812,1.1394630772757035
5.768904595768058,1.5698719675785962
5.560408876871175,1.7811074137629466
5.389344462934564,2.36657137584832

6.600732158800949,0.5968535942666229
6.595867544276943,1.1783126570252551
6.611751810424136,1.8255609974437097
6.639087045844163,2.398354535236236

6.600732158800949,0.5968535942666229
6.108419969203812,1.1394630772757035
5.768904595768058,1.5698719675785962
5.560408876871175,1.7811074137629466
5.389344462934564,2.36657137584832
5.141117295729736,3.0889680575824885
4.906039051917569,3.815715684350562
4.781601518780593,4.271886801107319
4.589356731442441,4.927431350300642
4.4389022599985655,5.616196693395808
4.4269287305071385,6.263425026991015
4.214616459810145,6.364466046714313
3.5071300208611786,6.651523667955109
2.8018012015898317,6.491754345002613
2.492521974492395,6.454213903801134
1.7118582902453787,6.391585492822769
1.5070563665385537,5.957912453017386
1.6049339892933019,5.7489374539499645

6.600732158800949,0.5968535942666229
6.108419969203812,1.1394630772757035
5.768904595768058,1.5698719675785962
5.560408876871175,1.7811074137629466
5.389344462934564,2.36657137584832
5.141117295729736,3.0889680575824885
4.906039051917569,3.815715684350562
4.781601518780593,4.271886801107319
4.589356731442441,4.927431350300642
4.4389022599985655,5.616196693395808
4.4269287305071385,6.263425026991015
4.214616459810145,6.364466046714313
3.5071300208611786,6.651523667955109
2.8018012015898317,6.491754345002613
2.492521974492395,6.454213903801134
1.7118582902453787,6.391585492822769
1.5070563665385537,5.957912453017386
1.6049339892933019,5.7489374539499645
2.0913363688137263,5.420570260286881
2.516706701537249,5.291842212843186

6.600732158800949,0.5968535942666229
6.108419969203812,1.1394630772757035
5.768904595768058,1.5698719675785962
5.560408876871175,1.7811074137629466
5.389344462934564,2.36657137584832
5.210121595239896,3.0757604108058527
5.086317372544299,3.7868399266349666
4.966491466798182,4.25063434450913

6.600732158800949,0.5968535942666229
6.108419969203812,1.1394630772757035
5.768904595768058,1.5698719675785962
5.560408876871175,1.7811074137629466
5.555199870506552,2.1949302598679123
5.592492362783417,2.9940605809168512
5.427546684533645,3.6157598786640333
5.687586172613877,4.3723175199835635
6.271756657034871,4.8380777184922845

6.600732158800949,0.5968535942666229
6.108419969203812,1.1394630772757035
5.768904595768058,1.5698719675785962
5.560408876871175,1.7811074137629466
5.389344462934564,2.36657137584832
5.141117295729736,3.0889680575824885
4.906039051917569,3.815715684350562
4.781601518780593,4.271886801107319
4.589356731442441,4.927431350300642
4.4389022599985655,5.616196693395808
4.4269287305071385,6.263425026991015
4.214616459810145,6.364466046714313
3.5071300208611786,6.651523667955109
2.8018012015898317,6.491754345002613
2.492521974492395,6.454213903801134
1.7118582902453787,6.391585492822769

6.600732158800949,0.5968535942666229
6.108419969203812,1.1394630772757035
5.768904595768058,1.5698719675785962
5.560408876871175,1.7811074137629466
5.389344462934564,2.36657137584832
5.141117295729736,3.0889680575824885
4.906039051917569,3.815715684350562
4.781601518780593,4.271886801107319
4.589356731442441,4.927431350300642
4.4389022599985655,5.616196693395808
4.4269287305071385,6.263425026991015
3.717614998022698,6.633389929257421

6.600732158800949,0.5968535942666229
6.108419969203812,1.1394630772757035
5.768904595768058,1.5698719675785962
5.560408876871175,1.7811074137629466
5.389344462934564,2.36657137584832
5.210121595239896,3.0757604108058527
5.086317372544299,3.7868399266349666
5.088255028620478,4.3926614184437645
5.083404702241561,5.175127497213095
5.079866668821481,5.505671184550474
4.979573167480563,6.257763390149453

6.600732158800949,0.5968535942666229
6.108419969203812,1.1394630772757035
5.768904595768058,1.5698719675785962
5.560408876871175,1.7811074137629466
5.555199870506552,2.1949302598679123
5.592492362783417,2.9940605809168512
5.427546684533645,3.6157598786640333
5.687586172613877,4.3723175199835635
5.997449861757582,4.990110476167984
6.335233546548171,5.506078365671652
6.626792034629055,5.99368856181659
6.81559041776045,6.443038213676286

