2.171091569222998,2.5288760444687695
1.6808074055142386,2.4562003870542943
1.294579880617258,1.7887936637373705
1.2263057159092918,1.6642862780060081

2.171091569222998,2.5288760444687695
2.874164866840692,2.436854105918055
3.6424633529049206,2.382786321441442
4.197310002258427,2.410817756117294
4.482947483428772,2.1890316107317673
4.437230196183101,1.7242302820098814
4.245414536697915,1.5704912993354563
3.6409152384394248,1.3129603495014908

2.171091569222998,2.5288760444687695
2.874164866840692,2.436854105918055
3.6424633529049206,2.382786321441442
4.197310002258427,2.410817756117294
4.482947483428772,2.1890316107317673
4.437230196183101,1.7242302820098814

2.171091569222998,2.5288760444687695
2.874164866840692,2.436854105918055
3.6424633529049206,2.382786321441442
4.197310002258427,2.410817756117294
4.7235557873808585,2.121060412557861
5.3404591885700015,1.8369959402268357
5.685263036381435,1.6624059671239366
6.301270694753078,1.4436697562363998

2.171091569222998,2.5288760444687695
1.6808074055142386,2.4562003870542943

2.171091569222998,2.5288760444687695
2.874164866840692,2.436854105918055
3.6424633529049206,2.382786321441442
4.197310002258427,2.410817756117294
4.252553865112265,2.349599545521889

2.171091569222998,2.5288760444687695
2.874164866840692,2.436854105918055
3.6424633529049206,2.382786321441442
4.197310002258427,2.410817756117294
4.7235557873808585,2.121060412557861
4.939187769484773,1.979726577331809
5.658344605211113,1.6292790839350386
5.8954478290157075,1.4918922079267505
6.354398381529554,1.6890846250626494
6.66622768445547,2.3103640832023227

2.171091569222998,2.5288760444687695
2.8573088398494617,2.878933032587578
3.1526875988911827,3.0153364860768446
3.595553848011729,3.255368525805424
4.199247183138778,3.5764963825258995
4.646767039161697,3.964509146631369
4.644758131391933,4.589132166151044
4.559295777936307,5.348244776763796
4.48227396834592,5.806134417451355
4.364801351663817,6.449890062922945
3.9325513084304453,6.580980975704916
3.151970553393678,6.448676106416168
2.70404731429546,6.498722458089722
1.9588982056414859,6.573166204045289
1.3756841074915216,6.025570262023141
1.3465411398416778,5.7129125981745865

2.171091569222998,2.5288760444687695
2.8573088398494617,2.878933032587578
3.1526875988911827,3.0153364860768446
3.595553848011729,3.255368525805424
4.199247183138778,3.5764963825258995
4.646767039161697,3.964509146631369
4.644758131391933,4.589132166151044
4.559295777936307,5.348244776763796
4.48227396834592,5.806134417451355
4.364801351663817,6.449890062922945
3.9325513084304453,6.580980975704916
3.151970553393678,6.448676106416168
2.70404731429546,6.498722458089722
1.9588982056414859,6.573166204045289
1.389175813414097,6.079852176132032
1.8500249775982658,5.425927067368993
2.3720268056420837,5.342293951895521

2.171091569222998,2.5288760444687695
2.8573088398494617,2.878933032587578
3.1526875988911827,3.0153364860768446
3.595553848011729,3.255368525805424
4.199247183138778,3.5764963825258995
4.646767039161697,3.964509146631369
4.500944354801556,4.274224724067379

2.171091569222998,2.5288760444687695
2.8573088398494617,2.878933032587578
3.1526875988911827,3.0153364860768446
3.595553848011729,3.255368525805424
4.199247183138778,3.5764963825258995
4.593275316580173,3.7907904349487618
5.284763994329248,4.091645550492049
5.844057712403458,4.427572638251041
6.351235557939779,4.657811780700059

2.171091569222998,2.5288760444687695
2.8573088398494617,2.878933032587578
3.1526875988911827,3.0153364860768446
3.595553848011729,3.255368525805424
4.199247183138778,3.5764963825258995
4.646767039161697,3.964509146631369
4.644758131391933,4.589132166151044
4.559295777936307,5.348244776763796
4.48227396834592,5.806134417451355
4.364801351663817,6.449890062922945
3.6153004079312594,6.729619102073344
3.0934115452558837,6.841077351643628
2.607764495105916,6.901021515340374
1.9958958689571766,6.856087487959101
1.7380854229717682,6.948101819845246

2.171091569222998,2.5288760444687695
2.8573088398494617,2.878933032587578
3.1526875988911827,3.0153364860768446
3.595553848011729,3.255368525805424
4.199247183138778,3.5764963825258995
4.646767039161697,3.964509146631369
4.644758131391933,4.589132166151044
4.559295777936307,5.348244776763796
4.48227396834592,5.806134417451355
4.364801351663817,6.449890062922945
3.728883091863519,6.787987671164573

2.171091569222998,2.5288760444687695
2.8573088398494617,2.878933032587578
3.1526875988911827,3.0153364860768446
3.595553848011729,3.255368525805424
4.199247183138778,3.5764963825258995
4.646767039161697,3.964509146631369
4.644758131391933,4.589132166151044
4.619781793978255,5.388742185203706
4.668823588236851,5.796847113234911
4.758096120653613,6.375429258103029

2.171091569222998,2.5288760444687695
2.8573088398494617,2.878933032587578
3.1526875988911827,3.0153364860768446
3.595553848011729,3.255368525805424
4.199247183138778,3.5764963825258995
4.704810419386104,4.048317917125151
5.197886072902811,4.66699977619018
5.537939427656796,5.063899255743484
6.058992503699106,5.469477270818614
6.416985138112564,5.74580476911958
6.433107397733777,6.266301634539261

2.2153343027652994,2.759092754899239
2.018090155475932,2.5849371816852713
1.5187468750754118,2.1987537007980467
1.4558940268933345,1.5535672219682661

2.2153343027652994,2.759092754899239
2.7349750732678757,2.687057895631268
3.3034984108391443,2.5680213016185687
3.6122957116613494,2.5137554120220247
4.400203843463654,2.3751885478740533
4.3708868795321045,1.7150349740788582
3.924668998176627,1.2456447107984958
3.6739706527133915,0.9416839127984747

2.2153343027652994,2.759092754899239
2.7349750732678757,2.687057895631268
3.3034984108391443,2.5680213016185687
3.6122957116613494,2.5137554120220247
4.400203843463654,2.3751885478740533
4.3708868795321045,1.7150349740788582

2.2153343027652994,2.759092754899239
2.7349750732678757,2.687057895631268
3.3034984108391443,2.5680213016185687
3.6122957116613494,2.5137554120220247
4.400203843463654,2.3751885478740533
4.674241764233536,2.199573683955058
5.271063815062874,1.8177847737704673
6.025021706023675,1.5503011319193418
6.251758236899041,1.555784916217073

2.2153343027652994,2.759092754899239
1.632032287606251,2.6996837699871876

2.2153343027652994,2.759092754899239
2.381958740137655,2.760754226884644
3.116857485460803,2.7095648716208047
3.4918559112558585,2.7345436882534813
4.291838091433695,2.729204081721548

2.2153343027652994,2.759092754899239
2.7349750732678757,2.687057895631268
3.3034984108391443,2.5680213016185687
3.6122957116613494,2.5137554120220247
4.400203843463654,2.3751885478740533
4.674241764233536,2.199573683955058
5.271063815062874,1.8177847737704673
6.025021706023675,1.5503011319193418
6.433321509974182,1.736070358375545
6.978501870075852,2.318550685522351

2.2153343027652994,2.759092754899239
2.9562042713005434,3.0609398846231883
3.6812361323678915,3.3035876362917262
4.337160657013629,3.6587489756061524
4.464023324100565,4.344269650120835
4.490573805692768,4.721188566759737
4.434008972930416,5.471630095887946
4.426582935730695,5.552210749710571
4.370222606838384,6.3409011403853555
4.101229573237367,6.393899386856533
3.301806816193509,6.4242845069056065
2.561547534828247,6.471004602148106
2.3020450446718086,6.648584803971638
1.6045241131306547,6.362295580900421
1.4934981579218847,5.605100314607355

2.2153343027652994,2.759092754899239
2.9562042713005434,3.0609398846231883
3.6812361323678915,3.3035876362917262
4.337160657013629,3.6587489756061524
4.464023324100565,4.344269650120835
4.490573805692768,4.721188566759737
4.434008972930416,5.471630095887946
4.426582935730695,5.552210749710571
4.370222606838384,6.3409011403853555
4.101229573237367,6.393899386856533
3.301806816193509,6.4242845069056065
2.561547534828247,6.471004602148106
2.3020450446718086,6.648584803971638
1.6045241131306547,6.362295580900421
1.5123351896253276,5.934747496070704
1.851388977628173,5.490814364310656
2.27400088111046,5.566675509796748

2.2153343027652994,2.759092754899239
2.9562042713005434,3.0609398846231883
3.6812361323678915,3.3035876362917262
4.337160657013629,3.6587489756061524
4.464023324100565,4.344269650120835

2.2153343027652994,2.759092754899239
2.9562042713005434,3.0609398846231883
3.6812361323678915,3.3035876362917262
4.266908251090032,3.632566207476454
4.755420048556464,3.9225793641425404
5.108964871555998,4.183805251858497
5.568194576577384,4.551714533992688
6.203616877376367,5.005639440766379
6.360650466234739,5.077041881552826

2.2153343027652994,2.759092754899239
2.9562042713005434,3.0609398846231883
3.6812361323678915,3.3035876362917262
4.337160657013629,3.6587489756061524
4.464023324100565,4.344269650120835
4.490573805692768,4.721188566759737
4.434008972930416,5.471630095887946
4.426582935730695,5.552210749710571
4.370222606838384,6.3409011403853555
4.101229573237367,6.393899386856533
3.301806816193509,6.4242845069056065
2.561547534828247,6.471004602148106
1.9121105146302195,6.665910628452516
1.7227260544419043,6.716742175627982

2.2153343027652994,2.759092754899239
2.9562042713005434,3.0609398846231883
3.6812361323678915,3.3035876362917262
4.337160657013629,3.6587489756061524
4.464023324100565,4.344269650120835
4.490573805692768,4.721188566759737
4.434008972930416,5.471630095887946
4.426582935730695,5.552210749710571
4.370222606838384,6.3409011403853555
3.742692438384091,6.608504812551601

2.2153343027652994,2.759092754899239
2.9562042713005434,3.0609398846231883
3.6812361323678915,3.3035876362917262
4.337160657013629,3.6587489756061524
4.464023324100565,4.344269650120835
4.513644755941583,4.7182151693795324
4.604357163423944,5.513055567905396
4.6194288240110835,6.295639132347008

2.2153343027652994,2.759092754899239
2.9562042713005434,3.0609398846231883
3.6812361323678915,3.3035876362917262
4.337160657013629,3.6587489756061524
4.42243107937592,3.6868340469372862
4.9818418326553005,4.2587253033098555
5.4161915641921965,4.656534242529687
5.717806580328969,4.973023063192222
6.131214735940283,5.4834272556576975
6.506452272916692,5.866052509990396
6.798829967545467,6.419905696074697

2.102327753897502,2.397882705871211
1.6801531401677843,2.3935402054568184
1.6221821444081241,2.305045516151078
1.6184107864833508,1.6595062568461443

2.102327753897502,2.397882705871211
2.240731844930812,2.3790324374296152
3.03601226464672,2.4658025591103465
3.565386239439394,2.450484820756474
4.228368890996318,2.3992817206392987
4.5606158628256805,2.044815887421014
4.10047339961677,1.3903933071626335
3.622430955064201,1.5594505985048168

2.102327753897502,2.397882705871211
2.240731844930812,2.3790324374296152
3.03601226464672,2.4658025591103465
3.565386239439394,2.450484820756474
4.14406830005804,2.426853137676797
4.518689223931637,2.1368000288253617
4.867906172130057,1.7180585548193512

2.102327753897502,2.397882705871211
2.240731844930812,2.3790324374296152
3.03601226464672,2.4658025591103465
3.565386239439394,2.450484820756474
4.228368890996318,2.3992817206392987
4.696070912017838,2.146979043801996
5.384998736270096,1.8153629860251415
6.045776704703912,1.4448866831973313
6.334002981958837,1.3089626390796454

2.102327753897502,2.397882705871211
1.6801531401677843,2.3935402054568184

2.102327753897502,2.397882705871211
2.240731844930812,2.3790324374296152
2.943552989381105,2.553089263846037
3.4293035644927485,2.6863418097336225
4.128860485515402,2.8745460215345027
4.312612982968714,2.909802346357846

2.102327753897502,2.397882705871211
2.240731844930812,2.3790324374296152
3.03601226464672,2.4658025591103465
3.565386239439394,2.450484820756474
4.228368890996318,2.3992817206392987
4.734531385960525,2.174035434260171
5.426213148594749,1.7720698396638004
5.609016465372138,1.6471852739926334
6.234103645371867,1.5054960000859747
6.631831213387058,1.9193175552675679
6.640832939577337,2.2716138566316437

2.102327753897502,2.397882705871211
2.7161076958902344,2.750273861945811
3.0399901731482917,2.958477744512255
3.7767448629221803,3.2702349049692065
4.397775064737227,3.750140793629905
4.428182810755642,4.235001638243195
4.475202673860614,4.7302917152237605
4.571499068704339,5.524474946185043
4.466756871322928,6.171002618663624
4.172448767352376,6.459823928815208
3.8656111945458433,6.436048447276945
3.2386154035435033,6.5287889760239235
2.5103897260315904,6.537233945353557
1.7293386676438796,6.364146556467374
1.6016269424306162,6.182731994803883
1.4747846730775425,5.724621060871219

2.102327753897502,2.397882705871211
2.7161076958902344,2.750273861945811
3.0399901731482917,2.958477744512255
3.7767448629221803,3.2702349049692065
4.397775064737227,3.750140793629905
4.428182810755642,4.235001638243195
4.475202673860614,4.7302917152237605
4.571499068704339,5.524474946185043
4.466756871322928,6.171002618663624
4.172448767352376,6.459823928815208
3.8656111945458433,6.436048447276945
3.2386154035435033,6.5287889760239235
2.5103897260315904,6.537233945353557
1.7293386676438796,6.364146556467374
1.6016269424306162,6.182731994803883
1.5471604102078946,5.786575471210094
1.9826820715330689,5.460930813754355
2.412458481784317,5.418149168404633

2.102327753897502,2.397882705871211
2.7161076958902344,2.750273861945811
3.0399901731482917,2.958477744512255
3.7767448629221803,3.2702349049692065
4.397775064737227,3.750140793629905
4.3768382947547835,4.426609288006194

2.102327753897502,2.397882705871211
2.7161076958902344,2.750273861945811
3.0399901731482917,2.958477744512255
3.7767448629221803,3.2702349049692065
4.0135465717412355,3.4000921157135853
4.631185170303089,3.790135364506037
5.089317866355073,4.087123956854558
5.757722573276738,4.526709156520065
6.518359578360041,4.512157627838054

2.102327753897502,2.397882705871211
2.7161076958902344,2.750273861945811
3.0399901731482917,2.958477744512255
3.7767448629221803,3.2702349049692065
4.397775064737227,3.750140793629905
4.428182810755642,4.235001638243195
4.475202673860614,4.7302917152237605
4.571499068704339,5.524474946185043
4.466756871322928,6.171002618663624
4.172448767352376,6.459823928815208
3.8656111945458433,6.436048447276945
3.2386154035435033,6.5287889760239235
2.5103897260315904,6.537233945353557
1.719727496500676,6.520297294821707

2.102327753897502,2.397882705871211
2.7161076958902344,2.750273861945811
3.0399901731482917,2.958477744512255
3.7767448629221803,3.2702349049692065
4.397775064737227,3.750140793629905
4.428182810755642,4.235001638243195
4.475202673860614,4.7302917152237605
4.571499068704339,5.524474946185043
4.466756871322928,6.171002618663624
4.172448767352376,6.459823928815208
3.602826531633791,6.5966357186080895

2.102327753897502,2.397882705871211
2.7161076958902344,2.750273861945811
3.0399901731482917,2.958477744512255
3.7767448629221803,3.2702349049692065
4.397775064737227,3.750140793629905
4.659728629195758,4.496710812373337
4.85491248180137,4.959351026534579
5.045873807513383,5.583643283448486
5.328729513015994,6.25903428154515

2.102327753897502,2.397882705871211
2.7161076958902344,2.750273861945811
3.0399901731482917,2.958477744512255
3.7767448629221803,3.2702349049692065
4.0135465717412355,3.4000921157135853
4.631185170303089,3.790135364506037
5.103611616153279,4.4049169760563
5.607664129268806,4.868339182516508
5.803842627144862,5.108598218245053
6.123149118281807,5.4861148631100205
6.638995676135998,5.985549990281005
6.74914891038656,6.3655671627496115

2.836722647011098,2.5021994484698435
2.0368710004861565,2.4867934901633997
1.738736624226127,2.463972238913896
1.4457533639549465,1.739645629523291

2.836722647011098,2.5021994484698435
3.5715086274696293,2.4333595618064368
4.258436062543733,2.366776476756544
4.580670086870553,1.9723149461884237
4.5932339050553805,1.8695570899017242
3.918207504232117,1.4402094939010115
3.560579492647263,1.5523053401397249

2.836722647011098,2.5021994484698435
3.5715086274696293,2.4333595618064368
4.258436062543733,2.366776476756544
4.580670086870553,1.9723149461884237
4.675479302334242,1.6981618612077969

2.836722647011098,2.5021994484698435
3.5715086274696293,2.4333595618064368
4.109410303501172,2.402063107347554
4.78498049531113,2.1372200143566826
5.45899216510247,1.7348063649687968
5.576771751347923,1.5969967988116787
6.151770235790323,1.596610686942084
6.400408383833035,1.6801001277090486

2.836722647011098,2.5021994484698435
2.0368710004861565,2.4867934901633997
1.738736624226127,2.463972238913896

2.836722647011098,2.5021994484698435
3.5715086274696293,2.4333595618064368
4.257299522285517,2.394926067092195

2.836722647011098,2.5021994484698435
3.5715086274696293,2.4333595618064368
4.109410303501172,2.402063107347554
4.78498049531113,2.1372200143566826
5.45899216510247,1.7348063649687968
5.576771751347923,1.5969967988116787
6.151770235790323,1.596610686942084
6.400408383833035,1.6801001277090486
6.546133042820648,2.448259813322904

2.836722647011098,2.5021994484698435
3.1282538590059263,2.6857247004777234
3.726087806635859,3.1813882926452965
4.314103519668304,3.7073579758769344
4.526007966997101,3.9634834700232546
4.651280669060504,4.289382963694298
4.608105082707104,5.08391971294523
4.566607801924728,5.289650410295794
4.505175907140411,5.999531797020437
4.131319963691501,6.692864696600996
3.903655208186431,6.732318889977633
3.234999306347564,6.715870561364891
2.82152222720419,6.672172038167595
2.0752002590523757,6.623737527464571
1.884589158661038,6.473557853946104
1.3894337669411772,6.020123400163354
1.4754403909190394,5.69180467834971

2.836722647011098,2.5021994484698435
3.1282538590059263,2.6857247004777234
3.726087806635859,3.1813882926452965
4.314103519668304,3.7073579758769344
4.526007966997101,3.9634834700232546
4.651280669060504,4.289382963694298
4.608105082707104,5.08391971294523
4.566607801924728,5.289650410295794
4.505175907140411,5.999531797020437
4.131319963691501,6.692864696600996
3.903655208186431,6.732318889977633
3.234999306347564,6.715870561364891
2.82152222720419,6.672172038167595
2.187741507516251,6.411196093293843
1.5121279873564781,6.359227218392649
1.608695010575051,5.787865593848742
1.9860369404737397,5.325845165999762
2.259630779488568,5.270033725396417

2.836722647011098,2.5021994484698435
3.1282538590059263,2.6857247004777234
3.726087806635859,3.1813882926452965
4.314103519668304,3.7073579758769344
4.526007966997101,3.9634834700232546
4.651280669060504,4.289382963694298

2.836722647011098,2.5021994484698435
3.412642082711769,2.842513346761231
3.8385968616750863,3.1456522586980924
4.371228388907436,3.4586236587952
5.035229953074162,3.9048320437277804
5.53740510813841,4.276279202589021
6.296021338837541,4.5207952004558445

2.836722647011098,2.5021994484698435
3.1282538590059263,2.6857247004777234
3.726087806635859,3.1813882926452965
4.314103519668304,3.7073579758769344
4.526007966997101,3.9634834700232546
4.651280669060504,4.289382963694298
4.608105082707104,5.08391971294523
4.566607801924728,5.289650410295794
4.505175907140411,5.999531797020437
4.131319963691501,6.692864696600996
3.3587470309880727,6.900544892224034
2.956546236510545,7.040882336928827
2.5055592418692414,7.2378731287869895
1.7353926420774797,7.423364594193182

2.836722647011098,2.5021994484698435
3.1282538590059263,2.6857247004777234
3.726087806635859,3.1813882926452965
4.314103519668304,3.7073579758769344
4.526007966997101,3.9634834700232546
4.651280669060504,4.289382963694298
4.608105082707104,5.08391971294523
4.566607801924728,5.289650410295794
4.505175907140411,5.999531797020437
4.131319963691501,6.692864696600996
3.3587470309880727,6.900544892224034

2.836722647011098,2.5021994484698435
3.1282538590059263,2.6857247004777234
3.726087806635859,3.1813882926452965
4.314103519668304,3.7073579758769344
4.526007966997101,3.9634834700232546
4.651280669060504,4.289382963694298
4.608105082707104,5.08391971294523
4.683942052847751,5.8803170722828195
4.822302657560684,6.315890144835448

2.836722647011098,2.5021994484698435
3.1282538590059263,2.6857247004777234
3.726087806635859,3.1813882926452965
4.314103519668304,3.7073579758769344
4.526007966997101,3.9634834700232546
4.961833135870401,4.447292893718135
5.488493388210861,4.9667081575037475
5.818359492065157,5.225051931949885
6.424310941367867,5.740635750687452
6.825946642201867,6.307815981040423

2.9439886821564794,3.3972848665897213
2.250707338221806,3.056351472629592
2.067355586014977,2.896517183839989
1.6011842074431053,2.441556513908169
1.532479297148932,1.8899524506794814
1.5192527246428462,1.6434443066082376

2.9439886821564794,3.3972848665897213
3.4087456655652772,3.2762411160694045
3.833098066700015,2.918527316666902
4.395788571325498,2.3998280264117655
4.563794305467666,1.761071120714335
3.9445175230601075,1.512749328714822
3.7486243972281903,1.5355199406680298

2.9439886821564794,3.3972848665897213
3.4087456655652772,3.2762411160694045
3.833098066700015,2.918527316666902
4.395788571325498,2.3998280264117655
4.553751462168587,2.120473552239161
4.8033465739021945,1.6752588718907386

2.9439886821564794,3.3972848665897213
3.6645047613266235,3.1248881786480034
3.8138662561572283,3.028847764495099
4.38159511177797,2.604423295310981
4.8052580529638425,2.2723006165263038
5.157217112470189,2.024340002873131
5.820382815850243,1.576890285183603
6.284835249360212,1.4598997942875864

2.9439886821564794,3.3972848665897213
2.250707338221806,3.056351472629592
1.6554889049958177,2.71106530407301

2.9439886821564794,3.3972848665897213
3.5459435499570064,3.255750907564508
4.281209026741015,3.1060174870321116

2.9439886821564794,3.3972848665897213
3.6645047613266235,3.1248881786480034
3.8138662561572283,3.028847764495099
4.38159511177797,2.604423295310981
4.8052580529638425,2.2723006165263038
5.157217112470189,2.024340002873131
5.820382815850243,1.576890285183603
5.993887585409701,1.5047896313358677
6.579357688309349,1.7911702862014383
6.8268465031198335,2.4002031054838264

2.9439886821564794,3.3972848665897213
3.743954236207131,3.3898610985145767
4.298165035594718,3.6132268488498247
4.412153147687299,3.90289487309973
4.428109042463956,4.1497232600994876
4.406916598964376,4.9494425110485425
4.5075641353972955,5.394369715878757
4.650961827291464,5.958061556875115
4.153023429880669,6.584206390267492
3.353059654974409,6.576593320076908
2.699681092146643,6.596733576498568
2.382183083631733,6.561290457142772
1.8524562096310793,6.514516357680935
1.4044832821567228,6.0896364442220845
1.27971025767276,5.732204395007927

2.9439886821564794,3.3972848665897213
3.743954236207131,3.3898610985145767
4.298165035594718,3.6132268488498247
4.412153147687299,3.90289487309973
4.428109042463956,4.1497232600994876
4.406916598964376,4.9494425110485425
4.5075641353972955,5.394369715878757
4.650961827291464,5.958061556875115
4.153023429880669,6.584206390267492
3.353059654974409,6.576593320076908
2.699681092146643,6.596733576498568
2.382183083631733,6.561290457142772
1.8524562096310793,6.514516357680935
1.4044832821567228,6.0896364442220845
1.4459806505741706,5.80838317224286
2.0686999342375683,5.495518685347974
2.3118935433303527,5.598721893645905

2.9439886821564794,3.3972848665897213
3.743954236207131,3.3898610985145767
4.298165035594718,3.6132268488498247
4.412153147687299,3.90289487309973
4.7333269931410875,4.392614570465458

2.9439886821564794,3.3972848665897213
3.743954236207131,3.3898610985145767
4.298165035594718,3.6132268488498247
4.941983016708637,3.9283983881771904
5.650410234284109,4.3000580139078775
6.126094570846213,4.592891567907565
6.295451646505257,4.558992293299828

2.9439886821564794,3.3972848665897213
3.743954236207131,3.3898610985145767
4.298165035594718,3.6132268488498247
4.412153147687299,3.90289487309973
4.428109042463956,4.1497232600994876
4.406916598964376,4.9494425110485425
4.5075641353972955,5.394369715878757
4.650961827291464,5.958061556875115
4.153023429880669,6.584206390267492
3.353059654974409,6.576593320076908
2.699681092146643,6.596733576498568
2.220086288522366,6.621268488071072
1.6751021145751606,6.663102677924011

2.9439886821564794,3.3972848665897213
3.743954236207131,3.3898610985145767
4.298165035594718,3.6132268488498247
4.412153147687299,3.90289487309973
4.428109042463956,4.1497232600994876
4.406916598964376,4.9494425110485425
4.5075641353972955,5.394369715878757
4.650961827291464,5.958061556875115
4.153023429880669,6.584206390267492
3.5973218052513745,6.568693776552735

2.9439886821564794,3.3972848665897213
3.743954236207131,3.3898610985145767
4.298165035594718,3.6132268488498247
4.412153147687299,3.90289487309973
4.717885885238598,4.642169851162284
4.73489167398544,5.0569800218979495
4.750978418458264,5.671676174322801
4.894151273547929,6.318596521310731

2.9439886821564794,3.3972848665897213
3.743954236207131,3.3898610985145767
4.298165035594718,3.6132268488498247
4.803315856265083,4.199865112393685
5.309401672485214,4.722999380625339
5.620534702083367,4.939091561444535
6.007477094828105,5.377586524665323
6.54593214126157,5.9692504182487784
6.915090116976184,6.365632311808263

3.7093489141866827,3.3513930140089974
3.5506316086052436,3.169566293407602
2.8332109458202637,2.8299793960561486
2.082179191253137,2.554386755312926
1.5952820084171049,2.269945916287934
1.5024189154632943,1.6507036783432787

3.7093489141866827,3.3513930140089974
4.214308468925319,2.73089656109556
4.3709630967871504,2.1790426953628548
4.499979267563218,1.865229109731811
4.170237472559812,1.579045990058089
3.683278287369908,1.5307604631719864

3.7093489141866827,3.3513930140089974
4.127891693090236,2.737151486903998
4.497551590665086,2.1818089368981712
4.702499393392954,1.5267103422833435

3.7093489141866827,3.3513930140089974
4.280162415495233,2.7908825799188954
4.8371946733067395,2.2166743739888384
5.297604462938913,1.8739359357294665
5.942274226523867,1.4558882368703692
6.260355636919921,1.354810877682722

3.7093489141866827,3.3513930140089974
3.4673097612967285,3.3557474069950874
2.8186986443905018,3.300946262305443
2.0348283710689787,3.207341428818217
1.719798331569167,3.1393967772788223

3.7093489141866827,3.3513930140089974
4.379346056932922,3.5847103983223323

3.7093489141866827,3.3513930140089974
4.280162415495233,2.7908825799188954
4.8371946733067395,2.2166743739888384
5.297604462938913,1.8739359357294665
5.800411008616649,1.4883510346686037
6.536682289075785,1.7379259471251756
6.751302875326337,2.2512351466154223

3.7093489141866827,3.3513930140089974
4.373401119366974,3.6990626187114857
4.487946460733023,4.104737577283768
4.529872422697159,4.554696051749792
4.497456155798169,5.033394066133673
4.410996815851809,5.625629603645179
4.474803116114118,6.108372689788516
3.9726474164467676,6.676003464692013
3.889038728096435,6.653816468757529
3.1103286873565117,6.704566753450989
2.721194753459599,6.612920480570936
1.952263042333168,6.57802333972039
1.4302624861808375,6.051150483818729
1.5087862547171138,5.6485466591191695

3.7093489141866827,3.3513930140089974
4.373401119366974,3.6990626187114857
4.487946460733023,4.104737577283768
4.529872422697159,4.554696051749792
4.497456155798169,5.033394066133673
4.410996815851809,5.625629603645179
4.474803116114118,6.108372689788516
3.9726474164467676,6.676003464692013
3.889038728096435,6.653816468757529
3.1103286873565117,6.704566753450989
2.721194753459599,6.612920480570936
1.952263042333168,6.57802333972039
1.4302624861808375,6.051150483818729
1.7257834656925402,5.61724548018581
2.4033620660402892,5.2919722899442485

3.7093489141866827,3.3513930140089974
4.373401119366974,3.6990626187114857
4.690983487823267,4.257154945914106

3.7093489141866827,3.3513930140089974
4.373401119366974,3.6990626187114857
4.942041429483353,4.070948986243025
5.288757052792281,4.333124175522963
5.954547766231294,4.520690546904265
6.312842864241403,4.450794052453908

3.7093489141866827,3.3513930140089974
4.373401119366974,3.6990626187114857
4.487946460733023,4.104737577283768
4.529872422697159,4.554696051749792
4.497456155798169,5.033394066133673
4.410996815851809,5.625629603645179
4.474803116114118,6.108372689788516
3.9726474164467676,6.676003464692013
3.889038728096435,6.653816468757529
3.1103286873565117,6.704566753450989
3.0423771754348934,6.713874230536723
2.2987980251703783,6.758606832440717
1.7252271869242337,6.677125387839803

3.7093489141866827,3.3513930140089974
4.373401119366974,3.6990626187114857
4.487946460733023,4.104737577283768
4.529872422697159,4.554696051749792
4.497456155798169,5.033394066133673
4.410996815851809,5.625629603645179
4.474803116114118,6.108372689788516
3.9726474164467676,6.676003464692013
3.6736705637641496,6.784712656080672

3.7093489141866827,3.3513930140089974
4.373401119366974,3.6990626187114857
4.487946460733023,4.104737577283768
4.529872422697159,4.554696051749792
4.570703186645334,5.244102407242702
4.648596331953277,5.95786566888183
4.727588835706388,6.4113084449310245

3.7093489141866827,3.3513930140089974
4.373401119366974,3.6990626187114857
4.885694487327773,4.146298935249053
5.169939848493097,4.364516235884395
5.717742457512715,4.936651208400523
6.180660360260923,5.404860648421183
6.437423683293807,5.882476858508274
6.44043557559222,6.593859304207371

2.6085510410487585,3.2321579978792787
2.125069631833562,2.6691162415353453
1.550917875562805,2.1773182767890606
1.3270193119242093,1.6616398437411513

2.6085510410487585,3.2321579978792787
3.216193505999969,3.010421715670698
3.9510183488308,2.6941426452935318
4.3941464705965965,2.21168611006294
4.499175826178604,1.816899048388998
4.103298395259625,1.487981085698253
3.7050760041471924,1.2238991521306914

2.6085510410487585,3.2321579978792787
3.216193505999969,3.010421715670698
3.9510183488308,2.6941426452935318
4.3941464705965965,2.21168611006294
4.451006234352726,1.661736806815456

2.6085510410487585,3.2321579978792787
2.956487985930954,2.9911192994544935
3.512144673507742,2.6857343232750237
3.8727374476379492,2.553311168102099
4.506588316927706,2.234115848082084
5.1498919887658925,1.8376577589717906
5.337578403793118,1.7296571248175694
5.9128625999826525,1.5850247701484934
6.325585184017463,1.5634851553034563

2.6085510410487585,3.2321579978792787
1.8642055638134183,3.1278083437160182
1.625796795159854,3.160273177616593

2.6085510410487585,3.2321579978792787
3.2856866314128146,3.102288788899295
3.9188024066854794,2.9563007122202256
4.467023404745186,2.8326392500666517

2.6085510410487585,3.2321579978792787
2.956487985930954,2.9911192994544935
3.512144673507742,2.6857343232750237
3.8727374476379492,2.553311168102099
4.506588316927706,2.234115848082084
5.1498919887658925,1.8376577589717906
5.337578403793118,1.7296571248175694
5.9128625999826525,1.5850247701484934
6.325585184017463,1.5634851553034563
6.7037711991328655,2.089283233365736
6.9601962970225575,2.38550249023233

2.6085510410487585,3.2321579978792787
2.9908989507732695,3.292613962520745
3.482064525924443,3.410815899168467
4.170817322444004,3.4800243718481947
4.641946295229339,3.9884703536642823
4.592082462484193,4.646399643586528
4.489519612872077,5.280454868570941
4.478528141841936,5.570021057541519
4.39256969547847,6.292377085292886
4.11956782290768,6.415108229062154
3.365436575554271,6.391851223518188
2.683496376727232,6.3940180913657745
2.3980611084965293,6.386558836144193
1.7774561959932484,6.446190454739121
1.3476211548813588,5.855576476451446
1.339962811154696,5.732285144134666

2.6085510410487585,3.2321579978792787
2.9908989507732695,3.292613962520745
3.482064525924443,3.410815899168467
4.170817322444004,3.4800243718481947
4.641946295229339,3.9884703536642823
4.592082462484193,4.646399643586528
4.489519612872077,5.280454868570941
4.478528141841936,5.570021057541519
4.39256969547847,6.292377085292886
4.11956782290768,6.415108229062154
3.365436575554271,6.391851223518188
2.683496376727232,6.3940180913657745
2.0539423059478534,6.461433251348392
1.5511781534002194,6.391197103405728
1.5141259971654808,5.835578703216231
1.975253170162849,5.421420576465475
2.3557097987204143,5.478313344997712

2.6085510410487585,3.2321579978792787
2.9908989507732695,3.292613962520745
3.482064525924443,3.410815899168467
4.170817322444004,3.4800243718481947
4.641946295229339,3.9884703536642823
4.4216583592297,4.274442572944594

2.6085510410487585,3.2321579978792787
2.9908989507732695,3.292613962520745
3.482064525924443,3.410815899168467
4.027622855487706,3.4603115406623255
4.6431124786569855,3.8480288416095236
5.115374447527338,4.138301614030586
5.593763449698082,4.407937582724584
6.142375481970186,4.465518420666703
6.441150696280949,4.5620515476565355

2.6085510410487585,3.2321579978792787
2.9908989507732695,3.292613962520745
3.482064525924443,3.410815899168467
4.170817322444004,3.4800243718481947
4.641946295229339,3.9884703536642823
4.592082462484193,4.646399643586528
4.489519612872077,5.280454868570941
4.478528141841936,5.570021057541519
4.39256969547847,6.292377085292886
4.11956782290768,6.415108229062154
3.365436575554271,6.391851223518188
2.683496376727232,6.3940180913657745
2.0539423059478534,6.461433251348392
1.6058561793116404,6.4649764206800215

2.6085510410487585,3.2321579978792787
2.9908989507732695,3.292613962520745
3.482064525924443,3.410815899168467
4.170817322444004,3.4800243718481947
4.641946295229339,3.9884703536642823
4.592082462484193,4.646399643586528
4.489519612872077,5.280454868570941
4.478528141841936,5.570021057541519
4.39256969547847,6.292377085292886
4.11956782290768,6.415108229062154
3.5931786533767505,6.600683718072524

2.6085510410487585,3.2321579978792787
2.9908989507732695,3.292613962520745
3.482064525924443,3.410815899168467
4.170817322444004,3.4800243718481947
4.641946295229339,3.9884703536642823
4.592082462484193,4.646399643586528
4.489519612872077,5.280454868570941
4.478528141841936,5.570021057541519
4.39256969547847,6.292377085292886

2.6085510410487585,3.2321579978792787
2.9908989507732695,3.292613962520745
3.482064525924443,3.410815899168467
4.027622855487706,3.4603115406623255
4.68992917149371,3.9090323266512907
5.032985952169799,4.261848409753876
5.3838068012974345,4.531627820691118
5.890027455607217,4.975539432670622
6.322409462960662,5.445893086949916
6.430307300403796,6.031954737737736
6.443698117084812,6.3464963105324825

2.264477089422682,3.319454219955695
1.921823080330432,2.7538435176923968
1.5860381131301842,2.3132063019369817
1.5366622746887233,1.8257284388256023
1.4870758595198692,1.4433092035427109

2.264477089422682,3.319454219955695
2.7508825570968467,3.041490407680324
3.200340559801051,2.978411344835501
3.9175718367828702,2.624039653924631
4.317946409909091,2.4951226907946658
4.4314423675466035,1.944549995279361
4.400369102350044,1.84159125880548
4.142129792754143,1.3316555942124528
3.72184976927152,1.0427440562242445

2.264477089422682,3.319454219955695
2.7508825570968467,3.041490407680324
3.200340559801051,2.978411344835501
3.9175718367828702,2.624039653924631
4.317946409909091,2.4951226907946658
4.459226158771621,2.048877517058206
4.562290382015555,1.680359177695856

2.264477089422682,3.319454219955695
2.7508825570968467,3.041490407680324
3.448537545163049,2.649983680245983
3.7669527471707838,2.581042095248022
4.226552493768034,2.401904306379439
4.788371869683891,2.1126473394325913
5.501149956199418,1.7494016933702285
6.174625286512978,1.4881216532847428
6.284854088358707,1.4659857364023736

2.264477089422682,3.319454219955695
1.6974460324974894,3.521733444964381

2.264477089422682,3.319454219955695
2.814819551663163,3.224914307419082
3.1033233029816842,3.182458884304629
3.661656552332726,3.084892140831895
4.288808157511373,2.960125540698941

2.264477089422682,3.319454219955695
2.7508825570968467,3.041490407680324
3.448537545163049,2.649983680245983
3.7669527471707838,2.581042095248022
4.226552493768034,2.401904306379439
4.788371869683891,2.1126473394325913
5.501149956199418,1.7494016933702285
6.174625286512978,1.4881216532847428
6.553259205196125,2.0100309909578904
6.5168651146073575,2.3763376573051103

2.264477089422682,3.319454219955695
2.9048992526572666,3.3930603102435555
3.144444765567628,3.3899347471402277
3.8881731525569196,3.594308207021197
4.357825046246301,3.60017964280617
4.392097438482796,4.107991232760484
4.392157606302238,4.651753987072803
4.513227288900617,5.44253975575831
4.415298021992095,6.21870471010193
4.015635138828198,6.597427638922353
3.8292364186595043,6.583161211020897
3.0962238288036668,6.570597760131171
2.589480979177988,6.621417801519586
1.9702773161889653,6.636488480514404
1.4272552263163485,6.073204810151819
1.3500266752691419,5.520300113983102

2.264477089422682,3.319454219955695
2.9048992526572666,3.3930603102435555
3.144444765567628,3.3899347471402277
3.8881731525569196,3.594308207021197
4.357825046246301,3.60017964280617
4.392097438482796,4.107991232760484
4.392157606302238,4.651753987072803
4.513227288900617,5.44253975575831
4.415298021992095,6.21870471010193
4.015635138828198,6.597427638922353
3.8292364186595043,6.583161211020897
3.0962238288036668,6.570597760131171
2.589480979177988,6.621417801519586
1.9702773161889653,6.636488480514404
1.4272552263163485,6.073204810151819
1.5810714714565057,5.4505007255293085
2.3473799886774676,5.335151397166939

2.264477089422682,3.319454219955695
2.9048992526572666,3.3930603102435555
3.144444765567628,3.3899347471402277
3.902788843570267,3.422351481243251
4.1904779585696605,3.5360796748394168
4.522138659785881,3.9651001992657062
4.60518023166206,4.415234791680112

2.264477089422682,3.319454219955695
2.9048992526572666,3.3930603102435555
3.144444765567628,3.3899347471402277
3.8881731525569196,3.594308207021197
4.357825046246301,3.60017964280617
4.533401401240389,3.721817174578504
5.099884904918683,4.109518352583977
5.722646642615234,4.518169822415395
6.380151159616189,4.481743278456607

2.264477089422682,3.319454219955695
2.9048992526572666,3.3930603102435555
3.144444765567628,3.3899347471402277
3.8881731525569196,3.594308207021197
4.357825046246301,3.60017964280617
4.392097438482796,4.107991232760484
4.392157606302238,4.651753987072803
4.513227288900617,5.44253975575831
4.415298021992095,6.21870471010193
3.8997177700865433,6.652158181390066
3.51622139502024,6.781833462001332
2.817366764761707,7.134455479719961
2.2310061741280394,7.31305723894359
1.7418202921772177,7.497869398056542

2.264477089422682,3.319454219955695
2.9048992526572666,3.3930603102435555
3.144444765567628,3.3899347471402277
3.8881731525569196,3.594308207021197
4.357825046246301,3.60017964280617
4.392097438482796,4.107991232760484
4.392157606302238,4.651753987072803
4.513227288900617,5.44253975575831
4.415298021992095,6.21870471010193
3.8997177700865433,6.652158181390066
3.7123730555980963,6.688147101859574

2.264477089422682,3.319454219955695
2.9048992526572666,3.3930603102435555
3.144444765567628,3.3899347471402277
3.902788843570267,3.422351481243251
4.1904779585696605,3.5360796748394168
4.522138659785881,3.9651001992657062
4.612217303935245,4.496380250851151
4.560089856666345,5.294680150162949
4.608051372181966,5.558281398691564
4.68911899589628,6.286069864157743

2.264477089422682,3.319454219955695
2.9048992526572666,3.3930603102435555
3.144444765567628,3.3899347471402277
3.8881731525569196,3.594308207021197
4.357825046246301,3.60017964280617
4.736785963485301,3.901396626416876
5.0826162738140415,4.254421915393721
5.528840851830206,4.689254331239262
5.961725699810007,5.178642081019419
6.44723913726528,5.713486931166613
6.573694539371385,6.487985025142438

2.342626107566571,2.3988892116674863
1.8315040402588596,2.505529063816406
1.6286060063279524,2.3438925710098713
1.4890067032145629,1.707751537028005

2.342626107566571,2.3988892116674863
2.630997030091646,2.4770517182899567
3.347839644663192,2.414711737656164
4.125705246770159,2.419121748682943
4.5163861787023825,2.330251894872357
4.36995109429209,1.6069110525023012
3.652230095536023,1.5361065183877785

2.342626107566571,2.3988892116674863
2.630997030091646,2.4770517182899567
3.347839644663192,2.414711737656164
4.125705246770159,2.419121748682943
4.671447036663406,2.09050153082469
4.620311140921531,1.5991565557574665

2.342626107566571,2.3988892116674863
2.630997030091646,2.4770517182899567
3.347839644663192,2.414711737656164
4.125705246770159,2.419121748682943
4.671447036663406,2.09050153082469
5.075727377490169,1.885158114472194
5.511397696663697,1.6883571034154543
5.91786950759952,1.4470185930220993
6.2856072538460745,1.250732672480497

2.342626107566571,2.3988892116674863
1.6944721968483165,2.510238284719435

2.342626107566571,2.3988892116674863
2.7984034590108893,2.565966199409075
3.4642791363947767,2.6668095323657584
4.250235440926371,2.712515226833146

2.342626107566571,2.3988892116674863
2.630997030091646,2.4770517182899567
3.347839644663192,2.414711737656164
4.125705246770159,2.419121748682943
4.671447036663406,2.09050153082469
5.075727377490169,1.885158114472194
5.511397696663697,1.6883571034154543
5.884031861255528,1.4602278143159853
6.645684337980659,1.7049429644364333
6.385317829004409,2.372298413067756

2.342626107566571,2.3988892116674863
2.800044589054132,2.66345453377876
3.504720549821746,3.0421784309865276
3.9949922958178883,3.3796616512831115
4.252893383788342,3.5125108114083
4.566466799494409,4.085833597402704
4.496124190968456,4.585257004964399
4.564553614359465,5.277831104674916
4.494694227398135,6.0747750588231275
4.184452527893265,6.543021435403309
3.70737601825114,6.424232010826291
2.9119155873320715,6.509336081481283
2.1920549748468834,6.408433654145576
1.8986426189362584,6.420130337877364
1.5114178217418053,6.261596506975044
1.5686095943745668,5.637072792352448

2.342626107566571,2.3988892116674863
2.800044589054132,2.66345453377876
3.504720549821746,3.0421784309865276
3.9949922958178883,3.3796616512831115
4.252893383788342,3.5125108114083
4.566466799494409,4.085833597402704
4.496124190968456,4.585257004964399
4.564553614359465,5.277831104674916
4.494694227398135,6.0747750588231275
4.184452527893265,6.543021435403309
3.70737601825114,6.424232010826291
2.9119155873320715,6.509336081481283
2.1920549748468834,6.408433654145576
1.8986426189362584,6.420130337877364
1.5114178217418053,6.261596506975044
1.4047392850365008,6.083547890660263
1.7824513967997835,5.578354358669761
2.318694919283981,5.320258528331645

2.342626107566571,2.3988892116674863
2.800044589054132,2.66345453377876
3.504720549821746,3.0421784309865276
3.9949922958178883,3.3796616512831115
4.252893383788342,3.5125108114083
4.566466799494409,4.085833597402704
4.413695511409459,4.281487673937756

2.342626107566571,2.3988892116674863
2.800044589054132,2.66345453377876
3.504720549821746,3.0421784309865276
3.9949922958178883,3.3796616512831115
4.66789632350146,3.734119288236785
5.14502899923304,3.9572172164677664
5.691444596066509,4.311336156307913
6.172890110551215,4.559001251900449
6.296708839090219,4.529477349323525

2.342626107566571,2.3988892116674863
2.800044589054132,2.66345453377876
3.504720549821746,3.0421784309865276
3.9949922958178883,3.3796616512831115
4.252893383788342,3.5125108114083
4.566466799494409,4.085833597402704
4.496124190968456,4.585257004964399
4.564553614359465,5.277831104674916
4.494694227398135,6.0747750588231275
4.184452527893265,6.543021435403309
3.70737601825114,6.424232010826291
2.987278349872153,6.5137382979286516
2.200021469128851,6.655958562737596
1.6586448004865875,6.603900627222277

2.342626107566571,2.3988892116674863
2.800044589054132,2.66345453377876
3.504720549821746,3.0421784309865276
3.9949922958178883,3.3796616512831115
4.252893383788342,3.5125108114083
4.566466799494409,4.085833597402704
4.496124190968456,4.585257004964399
4.564553614359465,5.277831104674916
4.494694227398135,6.0747750588231275
4.184452527893265,6.543021435403309
3.70737601825114,6.424232010826291

2.342626107566571,2.3988892116674863
2.800044589054132,2.66345453377876
3.504720549821746,3.0421784309865276
3.9949922958178883,3.3796616512831115
4.252893383788342,3.5125108114083
4.566466799494409,4.085833597402704
4.739571803908605,4.8617916028160275
4.844993186498073,5.3191921403178455
5.0618469755894235,5.8729136161928785
5.148595178082391,6.316612553067115

2.342626107566571,2.3988892116674863
2.800044589054132,2.66345453377876
3.504720549821746,3.0421784309865276
3.9949922958178883,3.3796616512831115
4.5685291110505855,3.7600300919938414
5.147319426384318,4.29808777910076
5.551086449317071,4.785294798361402
6.087245436643595,5.287820291865349
6.458362169647584,5.771606987170533
6.546433309483866,6.287302770905163

3.244168834081823,2.9437290869069077
2.6076707963878585,2.7616607443508885
1.9817374889421961,2.485524991916213
1.4826175137999558,2.228714666506789
1.2568963628542231,1.6720500823720674

3.244168834081823,2.9437290869069077
3.822188380753014,2.6551795485958944
4.1502399491978075,2.4941076674279214
4.508054711499083,2.095307803567743
4.261967565847949,1.5828805800582175
3.68679343286643,1.5094228775181828

3.244168834081823,2.9437290869069077
3.822188380753014,2.6551795485958944
4.1502399491978075,2.4941076674279214
4.508054711499083,2.095307803567743
4.748889495178073,1.6275998652193737

3.244168834081823,2.9437290869069077
3.834318114391296,2.606455467043769
4.466170209352775,2.2249587244554334
5.094166925724573,1.9028678132119863
5.698928365611135,1.63057187830529
6.280396015265719,1.5607171424456499

3.244168834081823,2.9437290869069077
2.6780484348163425,3.038257819227191
2.248066385789562,3.14139444832968
1.669489111929066,3.280846263314196

3.244168834081823,2.9437290869069077
3.3965353798291322,2.8946745368388327
4.1157856952018825,3.012714710342485
4.2591193836493915,3.0528823319503964

3.244168834081823,2.9437290869069077
3.834318114391296,2.606455467043769
4.466170209352775,2.2249587244554334
5.094166925724573,1.9028678132119863
5.698928365611135,1.63057187830529
6.291912813723183,1.570197198763003
6.558924639066689,2.2674930391506996

3.244168834081823,2.9437290869069077
3.6536760533142862,3.179689520998278
4.197094270020386,3.4406837217837514
4.518579218240621,3.9730076611483627
4.5276693036697555,4.772956015948153
4.565053031360142,5.5392948679746645
4.591985104038356,5.720036008547199
4.331584767923943,6.31867338561476
4.181944374092945,6.532037043106628
3.472665332681937,6.56328935400164
2.8161123438898645,6.60646192063198
2.5601033610967754,6.628977295247762
1.884993946689371,6.664470282587614
1.7144115012888426,6.557608683358966
1.5872198112413693,6.069631947620465
1.6083315573383334,5.745903741975074

3.244168834081823,2.9437290869069077
3.6536760533142862,3.179689520998278
4.197094270020386,3.4406837217837514
4.518579218240621,3.9730076611483627
4.5276693036697555,4.772956015948153
4.565053031360142,5.5392948679746645
4.591985104038356,5.720036008547199
4.331584767923943,6.31867338561476
4.181944374092945,6.532037043106628
3.472665332681937,6.56328935400164
2.8161123438898645,6.60646192063198
2.5601033610967754,6.628977295247762
1.884993946689371,6.664470282587614
1.7144115012888426,6.557608683358966
1.5872198112413693,6.069631947620465
1.6083315573383334,5.745903741975074
1.787030793474729,5.527186633404479
2.3874008025232385,5.173856053570367

3.244168834081823,2.9437290869069077
3.6536760533142862,3.179689520998278
4.197094270020386,3.4406837217837514
4.649818802567032,4.045529009641143
4.884090258658335,4.34304481812493

3.244168834081823,2.9437290869069077
3.915168026908156,3.3154681068731406
4.625164347627,3.684121364780493
5.132893073046024,4.05653085879688
5.432644646925642,4.304572867101585
5.965911392787055,4.439658218630887
6.386703361758807,4.389458148205572

3.244168834081823,2.9437290869069077
3.6536760533142862,3.179689520998278
4.197094270020386,3.4406837217837514
4.518579218240621,3.9730076611483627
4.5276693036697555,4.772956015948153
4.565053031360142,5.5392948679746645
4.591985104038356,5.720036008547199
4.331584767923943,6.31867338561476
3.754073874107272,6.704479890823185
3.0965129630067243,6.861940164605717
2.378480439982275,6.949822299054241
1.732055395323097,7.102225886752408

3.244168834081823,2.9437290869069077
3.6536760533142862,3.179689520998278
4.197094270020386,3.4406837217837514
4.518579218240621,3.9730076611483627
4.5276693036697555,4.772956015948153
4.565053031360142,5.5392948679746645
4.591985104038356,5.720036008547199
4.331584767923943,6.31867338561476
4.181944374092945,6.532037043106628
3.739109296957923,6.38542159036912

3.244168834081823,2.9437290869069077
3.6536760533142862,3.179689520998278
4.197094270020386,3.4406837217837514
4.518579218240621,3.9730076611483627
4.5276693036697555,4.772956015948153
4.4982754908720555,5.127718060854296
4.492148538603658,5.655546487262565
4.499443684511823,6.359342628474703

3.244168834081823,2.9437290869069077
3.6536760533142862,3.179689520998278
4.197094270020386,3.4406837217837514
4.781280481570485,3.963846808467156
4.985275177613988,4.134201259461271
5.361253029847847,4.689423090624428
5.58201864056145,4.944504952096981
5.9915108094229055,5.440233867255555
6.273095403488059,5.6370167893778325
6.501456675718201,5.96252919485748
6.433705469774579,6.2529521874597815

