1.7286932540919244,5.345668823951627
1.5796886500590857,5.922731207925449
1.6317103373711392,6.346115955702761
2.360516749725552,6.519319980519344
2.926280579402846,6.664066979704571
3.68755830434591,6.687448581563494
4.111313982413355,6.586417185020743
4.4437860977624215,6.14605797198234
4.408942761936751,5.49868487181283
4.412792895841265,4.941709991996279
4.394089146744672,4.494058658799094
4.384126695277362,3.7889489281534585
4.144073788840929,3.5172760828488503
3.5082144018455663,3.2761949758336057
3.2222602147329193,3.1687961692153688
2.6482920269628876,2.841220727561768
2.4212768695109705,2.7763101783829387
1.7248968704488552,2.4584674750751767
1.480835183019517,2.0650801596064827
1.1483968552043105,1.5467083204386043

1.7286932540919244,5.345668823951627
1.5796886500590857,5.922731207925449
1.6317103373711392,6.346115955702761
2.360516749725552,6.519319980519344
2.926280579402846,6.664066979704571
3.68755830434591,6.687448581563494
4.111313982413355,6.586417185020743
4.4437860977624215,6.14605797198234
4.544566464826543,5.430151951840941
4.602098655281854,5.161558880655589
4.577443790337046,4.630790125818939
4.608726352955765,4.096910687052906
4.565140720497701,3.3622767753649065
4.641398911031274,2.8906440354411567
4.566959760644631,2.09411480629152
4.1946846214789195,1.5140433149784474
3.6942350404933855,1.3514088548152337

1.7286932540919244,5.345668823951627
1.5796886500590857,5.922731207925449
1.6317103373711392,6.346115955702761
2.360516749725552,6.519319980519344
2.926280579402846,6.664066979704571
3.68755830434591,6.687448581563494
4.111313982413355,6.586417185020743
4.4437860977624215,6.14605797198234
4.544566464826543,5.430151951840941
4.602098655281854,5.161558880655589
4.577443790337046,4.630790125818939
4.608726352955765,4.096910687052906
4.565140720497701,3.3622767753649065
4.643175652904755,2.831321122240157
4.710323217513157,2.326028781573027
4.73884000515076,1.7456998589514026

1.7286932540919244,5.345668823951627
1.5796886500590857,5.922731207925449
1.6317103373711392,6.346115955702761
2.360516749725552,6.519319980519344
2.926280579402846,6.664066979704571
3.68755830434591,6.687448581563494
4.111313982413355,6.586417185020743
4.4437860977624215,6.14605797198234
4.532695708180628,5.7326735281931835
4.635150558461709,5.206602580416493
4.85140951370944,4.569381248691372
5.025012611694575,3.9006672605493367
5.130219153115962,3.5002517782604317
5.3021970650159425,2.8642530365469643
5.442861185775038,2.32895711738838
5.4884788813915835,1.8390568147202881
5.962572494608437,1.4740650923731797
6.310654131924227,1.619770127226189

1.7286932540919244,5.345668823951627
1.5796886500590857,5.922731207925449
1.6317103373711392,6.346115955702761
2.360516749725552,6.519319980519344
2.926280579402846,6.664066979704571
3.68755830434591,6.687448581563494
4.111313982413355,6.586417185020743
4.4437860977624215,6.14605797198234
4.408942761936751,5.49868487181283
4.412792895841265,4.941709991996279
4.394089146744672,4.494058658799094
4.384126695277362,3.7889489281534585
4.295683181512302,3.6120874735311883
3.885868822136715,3.535374219192767
3.467413750573175,3.505864768705076
2.7313942569575267,3.4673767283523143
1.9616901756531717,3.4641515118343023
1.7080832800906105,3.4400198122004912

1.7286932540919244,5.345668823951627
1.5796886500590857,5.922731207925449
1.6317103373711392,6.346115955702761
2.360516749725552,6.519319980519344
2.926280579402846,6.664066979704571
3.68755830434591,6.687448581563494
4.111313982413355,6.586417185020743
4.4437860977624215,6.14605797198234
4.408942761936751,5.49868487181283
4.412792895841265,4.941709991996279
4.394089146744672,4.494058658799094
4.384126695277362,3.7889489281534585
4.144073788840929,3.5172760828488503
3.546291045705433,3.3320670692910355

1.7286932540919244,5.345668823951627
1.5796886500590857,5.922731207925449
1.6317103373711392,6.346115955702761
2.360516749725552,6.519319980519344
2.926280579402846,6.664066979704571
3.68755830434591,6.687448581563494
4.111313982413355,6.586417185020743
4.4437860977624215,6.14605797198234
4.532695708180628,5.7326735281931835
4.635150558461709,5.206602580416493
4.701640289682952,4.8596849670715585
4.900706598708731,4.268109723176002
4.998416954733574,3.741731874627276

1.7286932540919244,5.345668823951627
1.5796886500590857,5.922731207925449
1.6317103373711392,6.346115955702761
2.360516749725552,6.519319980519344
2.926280579402846,6.664066979704571
3.68755830434591,6.687448581563494
4.111313982413355,6.586417185020743
4.4437860977624215,6.14605797198234
4.532695708180628,5.7326735281931835
4.635150558461709,5.206602580416493
4.85140951370944,4.569381248691372
5.025012611694575,3.9006672605493367
5.130219153115962,3.5002517782604317
5.3021970650159425,2.8642530365469643
5.442861185775038,2.32895711738838
5.4884788813915835,1.8390568147202881
5.962572494608437,1.4740650923731797
6.310654131924227,1.619770127226189
6.844945519340816,2.144570728659581
6.997577245234449,2.281279089439194

1.7286932540919244,5.345668823951627
2.3399375752364917,5.511051985116495

1.7286932540919244,5.345668823951627
1.5796886500590857,5.922731207925449
1.6317103373711392,6.346115955702761
2.360516749725552,6.519319980519344
2.926280579402846,6.664066979704571
3.68755830434591,6.687448581563494
4.111313982413355,6.586417185020743
4.4437860977624215,6.14605797198234
4.532695708180628,5.7326735281931835

1.7286932540919244,5.345668823951627
1.5796886500590857,5.922731207925449
1.6317103373711392,6.346115955702761
2.360516749725552,6.519319980519344
2.926280579402846,6.664066979704571
3.68755830434591,6.687448581563494
4.18318666712789,6.390733780695827
4.567165426880325,6.229832692458152
5.065995732541914,5.876059934161359
5.55423217993404,5.558500620007984
6.266010868861369,5.51404719028524

1.7286932540919244,5.345668823951627
1.5796886500590857,5.922731207925449
1.6317103373711392,6.346115955702761

1.7286932540919244,5.345668823951627
1.5796886500590857,5.922731207925449
1.6317103373711392,6.346115955702761
1.7775857870649876,6.472709425723954
2.2593554447604,6.415452874970055

1.7286932540919244,5.345668823951627
1.5796886500590857,5.922731207925449
1.6317103373711392,6.346115955702761
2.360516749725552,6.519319980519344
3.1126229125032525,6.753732273096615
3.7285081086705074,6.83610018679509
4.251520549222103,6.9145868816239675

1.7286932540919244,5.345668823951627
1.5796886500590857,5.922731207925449
1.6317103373711392,6.346115955702761
2.360516749725552,6.519319980519344
2.926280579402846,6.664066979704571
3.68755830434591,6.687448581563494
4.18318666712789,6.390733780695827
4.567165426880325,6.229832692458152
5.220898282990212,5.852719412264302
5.869133977863495,5.462202094482809
6.54903241272946,5.734144316451815
6.859401879132871,6.275331993213753

1.1571096369663003,4.429960416984699
1.2875041121493336,5.12654405222205
1.3988748721136954,5.567140099988755
1.578313157857052,6.290213504738091
2.278261657651218,6.559680940313874
3.0656999330081454,6.418468467412547
3.8631325711651825,6.482508982728308
4.158549010795955,6.532900490829415
4.400055394128347,6.190626460084344
4.454810302524922,5.392502472218747
4.513359543759969,4.605211524153512
4.504033681362244,4.278212388860339
4.472208253411828,3.588306766694999
3.732563968023154,3.329296369347365
3.1461577517560286,3.099754974307389
2.74081498600811,2.943665936266679
2.0978224281962383,2.602508234329645
1.7621893563990125,2.4435979837139774
1.4937941449658123,1.9626367558184001
1.6150534094633293,1.7283287468676618

1.1571096369663003,4.429960416984699
1.2875041121493336,5.12654405222205
1.3988748721136954,5.567140099988755
1.578313157857052,6.290213504738091
2.278261657651218,6.559680940313874
3.0656999330081454,6.418468467412547
3.8631325711651825,6.482508982728308
4.158549010795955,6.532900490829415
4.400055394128347,6.190626460084344
4.454810302524922,5.392502472218747
4.513359543759969,4.605211524153512
4.504033681362244,4.278212388860339
4.472208253411828,3.588306766694999
4.407008348778524,2.9806624719187917
4.423734062520833,2.6279757093620817
4.452150427742632,2.0439908944795193
4.382802057697425,1.6756393379283447
4.179723892879618,1.570043817801912
3.6760185251533692,1.5737483246377981

1.1571096369663003,4.429960416984699
1.2875041121493336,5.12654405222205
1.3988748721136954,5.567140099988755
1.578313157857052,6.290213504738091
2.278261657651218,6.559680940313874
3.0656999330081454,6.418468467412547
3.8631325711651825,6.482508982728308
4.158549010795955,6.532900490829415
4.400055394128347,6.190626460084344
4.454810302524922,5.392502472218747
4.513359543759969,4.605211524153512
4.5392503857545305,4.201990315915233
4.602729064932883,3.761872524265666
4.622514801012382,3.3056540011890174
4.716171499005851,2.536733828591471
4.753128337756756,1.7375879144621802

1.1571096369663003,4.429960416984699
1.2875041121493336,5.12654405222205
1.3988748721136954,5.567140099988755
1.578313157857052,6.290213504738091
2.278261657651218,6.559680940313874
3.0656999330081454,6.418468467412547
3.8631325711651825,6.482508982728308
4.158549010795955,6.532900490829415
4.400055394128347,6.190626460084344
4.537450828459342,5.404848698127768
4.692772870951842,4.620071619515021
4.844503414539771,3.9367593211060026
4.990193778228417,3.5411952971808733
5.257634593355231,2.8693926818798148
5.376027666352481,2.431162952812717
5.61608729974642,1.7095543667456716
6.1630056540185585,1.3190573557548715
6.269841442564957,1.2400056594758968

1.1571096369663003,4.429960416984699
1.2875041121493336,5.12654405222205
1.3988748721136954,5.567140099988755
1.578313157857052,6.290213504738091
2.278261657651218,6.559680940313874
3.0656999330081454,6.418468467412547
3.8631325711651825,6.482508982728308
4.158549010795955,6.532900490829415
4.400055394128347,6.190626460084344
4.454810302524922,5.392502472218747
4.513359543759969,4.605211524153512
4.504033681362244,4.278212388860339
4.472208253411828,3.588306766694999
3.874567498049079,3.4305407682969338
3.2923161399747625,3.363312758663934
2.7938146248607905,3.3215141211822834
2.2604963591593306,3.249325599532005
1.5581284044678427,3.19304219673304

1.1571096369663003,4.429960416984699
1.2875041121493336,5.12654405222205
1.3988748721136954,5.567140099988755
1.578313157857052,6.290213504738091
2.278261657651218,6.559680940313874
3.0656999330081454,6.418468467412547
3.8631325711651825,6.482508982728308
4.158549010795955,6.532900490829415
4.400055394128347,6.190626460084344
4.454810302524922,5.392502472218747
4.513359543759969,4.605211524153512
4.504033681362244,4.278212388860339
4.472208253411828,3.588306766694999
3.732563968023154,3.329296369347365

1.1571096369663003,4.429960416984699
1.2875041121493336,5.12654405222205
1.3988748721136954,5.567140099988755
1.578313157857052,6.290213504738091
2.278261657651218,6.559680940313874
3.0656999330081454,6.418468467412547
3.8631325711651825,6.482508982728308
4.158549010795955,6.532900490829415
4.400055394128347,6.190626460084344
4.454810302524922,5.392502472218747
4.549953564323166,4.808773530204328
4.628038551293686,4.342280025111826
4.744423724980448,3.706025046017093

1.1571096369663003,4.429960416984699
1.2875041121493336,5.12654405222205
1.3988748721136954,5.567140099988755
1.578313157857052,6.290213504738091
2.278261657651218,6.559680940313874
3.0656999330081454,6.418468467412547
3.8631325711651825,6.482508982728308
4.158549010795955,6.532900490829415
4.400055394128347,6.190626460084344
4.537450828459342,5.404848698127768
4.692772870951842,4.620071619515021
4.844503414539771,3.9367593211060026
4.990193778228417,3.5411952971808733
5.257634593355231,2.8693926818798148
5.376027666352481,2.431162952812717
5.575655006959007,1.8750748409207127
5.711111956031984,1.4763898504921773
6.363307814983971,1.5369541052522293
6.3930351251863415,2.2974940400577584

1.1571096369663003,4.429960416984699
1.6651390999240094,4.421283947006661
2.1825114747290404,4.429057395383138
2.550699792871826,4.426911647447287

1.1571096369663003,4.429960416984699
1.2875041121493336,5.12654405222205
1.3988748721136954,5.567140099988755
1.578313157857052,6.290213504738091
2.278261657651218,6.559680940313874
3.0656999330081454,6.418468467412547
3.8631325711651825,6.482508982728308
4.158549010795955,6.532900490829415
4.400055394128347,6.190626460084344
4.9036694685344,5.7180048338483935

1.1571096369663003,4.429960416984699
1.2875041121493336,5.12654405222205
1.3988748721136954,5.567140099988755
1.578313157857052,6.290213504738091
2.278261657651218,6.559680940313874
3.0656999330081454,6.418468467412547
3.8631325711651825,6.482508982728308
4.5787859810907445,6.367508606287684
5.015589122949189,6.023175282296168
5.472578069846775,5.6824201299250765
5.852464786644431,5.429791635517256
6.265034178202978,5.186510025201866

1.1571096369663003,4.429960416984699
1.1184098144941277,4.6906768230413185
1.1189872928539957,5.39245288774698
1.1201712217523383,5.863479727865257
1.0960677252433337,6.31361722241612

1.1571096369663003,4.429960416984699
1.2875041121493336,5.12654405222205
1.3988748721136954,5.567140099988755
1.578313157857052,6.290213504738091
2.278261657651218,6.559680940313874

1.1571096369663003,4.429960416984699
1.2875041121493336,5.12654405222205
1.3988748721136954,5.567140099988755
1.578313157857052,6.290213504738091
2.278261657651218,6.559680940313874
2.97995114464278,6.734263111083337
3.5714659967839246,6.850700326421418
4.288860170501122,6.983823479866041

1.1571096369663003,4.429960416984699
1.2875041121493336,5.12654405222205
1.3988748721136954,5.567140099988755
1.578313157857052,6.290213504738091
2.278261657651218,6.559680940313874
3.0656999330081454,6.418468467412547
3.8631325711651825,6.482508982728308
4.5787859810907445,6.367508606287684
5.015589122949189,6.023175282296168
5.472578069846775,5.6824201299250765
6.16704963676472,5.530907826229691
6.646311815936883,5.968268144159717
6.893777348029549,6.297165230535371

1.2240217686371728,5.70422643223259
1.5505521920033218,6.179489551621433
1.7182303929973197,6.3858597741954135
2.459160570571841,6.438875685219182
3.258926014072951,6.458246678520326
3.9791563479121574,6.4248951560297405
4.590995360571297,6.260548598512111
4.620183046766906,6.152363189518453
4.596294142444759,5.393891104309967
4.56917383371194,4.607242179742968
4.5234501473324435,3.995279601229884
4.174742854535449,3.475305151303762
3.474191425017554,3.1224390720871082
3.2429732464431607,2.9950333609977804
2.7558588956551198,2.769113542037855
2.190929686407959,2.560436012176953
1.6696288395084382,2.403769876380756
1.4688821091649802,1.6293663961093854

1.2240217686371728,5.70422643223259
1.5505521920033218,6.179489551621433
1.7182303929973197,6.3858597741954135
2.459160570571841,6.438875685219182
3.258926014072951,6.458246678520326
3.9791563479121574,6.4248951560297405
4.590995360571297,6.260548598512111
4.620183046766906,6.152363189518453
4.596294142444759,5.393891104309967
4.56917383371194,4.607242179742968
4.5234501473324435,3.995279601229884
4.516384850182152,3.4009113708558596
4.461367122062492,3.1485103952308955
4.4043969478233285,2.3690953188528256
4.43184313366489,1.6993880294821997
3.8612403493267924,1.167288709024432
3.749107902106617,1.112050635431672

1.2240217686371728,5.70422643223259
1.5505521920033218,6.179489551621433
1.7182303929973197,6.3858597741954135
2.459160570571841,6.438875685219182
3.258926014072951,6.458246678520326
3.9791563479121574,6.4248951560297405
4.590995360571297,6.260548598512111
4.620183046766906,6.152363189518453
4.596294142444759,5.393891104309967
4.56917383371194,4.607242179742968
4.5234501473324435,3.995279601229884
4.516384850182152,3.4009113708558596
4.461367122062492,3.1485103952308955
4.4043969478233285,2.3690953188528256
4.43184313366489,1.6993880294821997

1.2240217686371728,5.70422643223259
1.5505521920033218,6.179489551621433
1.7182303929973197,6.3858597741954135
2.459160570571841,6.438875685219182
3.258926014072951,6.458246678520326
3.9791563479121574,6.4248951560297405
4.590995360571297,6.260548598512111
4.620183046766906,6.152363189518453
4.783471993413492,5.4007784714951015
4.967482740309256,4.667962931491872
5.067983484707607,3.9214710214701105
5.184137145804152,3.4979132685823586
5.255985964085873,3.0959684379776338
5.356566915213024,2.5333218946404563
5.461433331617953,1.91930284031538
5.91770832092328,1.389992872687695
6.262202635360854,1.3925702970147258

1.2240217686371728,5.70422643223259
1.5505521920033218,6.179489551621433
1.7182303929973197,6.3858597741954135
2.459160570571841,6.438875685219182
3.258926014072951,6.458246678520326
3.9791563479121574,6.4248951560297405
4.590995360571297,6.260548598512111
4.620183046766906,6.152363189518453
4.596294142444759,5.393891104309967
4.473620869813949,4.6184408761479645
4.455315495219443,4.079289872516338
4.369726997050023,3.5954835076364278
3.8362556758203885,3.5317045443048913
3.250220734069263,3.5233003576448456
2.5463416915433243,3.386222141307881
1.9322996528989131,3.216180448681544
1.6350194840146177,3.171506396805014

1.2240217686371728,5.70422643223259
1.5505521920033218,6.179489551621433
1.7182303929973197,6.3858597741954135
2.459160570571841,6.438875685219182
3.258926014072951,6.458246678520326
3.9791563479121574,6.4248951560297405
4.590995360571297,6.260548598512111
4.620183046766906,6.152363189518453
4.596294142444759,5.393891104309967
4.473620869813949,4.6184408761479645
4.455315495219443,4.079289872516338
4.369726997050023,3.5954835076364278
3.6461932582722203,3.4843699540545767

1.2240217686371728,5.70422643223259
1.5505521920033218,6.179489551621433
1.7182303929973197,6.3858597741954135
2.459160570571841,6.438875685219182
3.258926014072951,6.458246678520326
3.9791563479121574,6.4248951560297405
4.590995360571297,6.260548598512111
4.620183046766906,6.152363189518453
4.783471993413492,5.4007784714951015
5.023158072575238,4.6603997233514765
5.212549446029292,3.9058101556211913
5.239793086971726,3.7424966793001757

1.2240217686371728,5.70422643223259
1.5505521920033218,6.179489551621433
1.7182303929973197,6.3858597741954135
2.459160570571841,6.438875685219182
3.258926014072951,6.458246678520326
3.9791563479121574,6.4248951560297405
4.590995360571297,6.260548598512111
4.620183046766906,6.152363189518453
4.783471993413492,5.4007784714951015
4.967482740309256,4.667962931491872
5.067983484707607,3.9214710214701105
5.184137145804152,3.4979132685823586
5.255985964085873,3.0959684379776338
5.356566915213024,2.5333218946404563
5.461433331617953,1.91930284031538
5.91770832092328,1.389992872687695
6.30122618239372,1.6771173817525056
6.595514912460573,2.1833041547415917
6.745259236560995,2.551592188249284

1.2240217686371728,5.70422643223259
1.7942441035084193,5.571213912590602
2.266272684623514,5.436557309691818

1.2240217686371728,5.70422643223259
1.5505521920033218,6.179489551621433
1.7182303929973197,6.3858597741954135
2.459160570571841,6.438875685219182
3.258926014072951,6.458246678520326
3.9791563479121574,6.4248951560297405
4.590995360571297,6.260548598512111
4.657874013441187,5.733268137956242

1.2240217686371728,5.70422643223259
1.5505521920033218,6.179489551621433
1.7182303929973197,6.3858597741954135
2.459160570571841,6.438875685219182
3.258926014072951,6.458246678520326
3.9791563479121574,6.4248951560297405
4.590995360571297,6.260548598512111
5.129872158008456,5.967085816787862
5.633964654710861,5.642670452252422
6.17115322730967,5.572033827357347
6.290025810262934,5.650266899806896

1.2240217686371728,5.70422643223259
1.3294812038159136,6.278092431415503

1.2240217686371728,5.70422643223259
1.5505521920033218,6.179489551621433
1.7182303929973197,6.3858597741954135
2.2844602290622236,6.518442834160562

1.2240217686371728,5.70422643223259
1.5505521920033218,6.179489551621433
1.7182303929973197,6.3858597741954135
2.459160570571841,6.438875685219182
3.258926014072951,6.458246678520326
3.9791563479121574,6.4248951560297405
4.3901344716249255,6.557107888518164

1.2240217686371728,5.70422643223259
1.5505521920033218,6.179489551621433
1.7182303929973197,6.3858597741954135
2.459160570571841,6.438875685219182
3.258926014072951,6.458246678520326
3.9791563479121574,6.4248951560297405
4.590995360571297,6.260548598512111
5.129872158008456,5.967085816787862
5.633964654710861,5.642670452252422
6.17115322730967,5.572033827357347
6.417885671139902,5.768991411550957
6.387281712142721,6.253625997266654

1.7748507687540098,4.4906990209166855
1.6808875449958927,5.181839183893443
1.6005581083143205,5.433181462130984
1.6070034259813404,6.158132517027544
1.6158302975149172,6.315942969124582
2.341681283094911,6.509804153657637
2.4966543745169636,6.520073410445077
3.2609168609356978,6.577234177178678
4.045039398229566,6.591999403550293
4.622865617286085,6.051826829826868
4.638771713488503,5.359543641431856
4.6271359189179995,5.251489921099333
4.565164132087011,4.516879662905374
4.418358308806976,3.853773685657372
4.1096660627995245,3.415355139723066
3.9341238641314726,3.3512875702032354
3.2333539222244876,3.1116860134662025
2.6639035915921547,2.9608970565621817
2.196701553430431,2.834743201775042
1.8988339418735871,2.6448764090052514
1.5373582590921797,2.0976280535370413
1.4866755310665618,1.7295518665927974

1.7748507687540098,4.4906990209166855
1.6808875449958927,5.181839183893443
1.6005581083143205,5.433181462130984
1.6070034259813404,6.158132517027544
1.6158302975149172,6.315942969124582
2.341681283094911,6.509804153657637
2.4966543745169636,6.520073410445077
3.2609168609356978,6.577234177178678
4.045039398229566,6.591999403550293
4.622865617286085,6.051826829826868
4.638771713488503,5.359543641431856
4.6271359189179995,5.251489921099333
4.565164132087011,4.516879662905374
4.502064168178986,4.0196036439421245
4.446318768560899,3.282495706594489
4.422975208167008,2.5668891570453707
4.414078216261713,2.07204541586523
4.396833863349189,1.6140884924845664
3.75732204278487,1.315440598542727
3.6498425208733893,1.2856667548553888

1.7748507687540098,4.4906990209166855
1.6808875449958927,5.181839183893443
1.6005581083143205,5.433181462130984
1.6070034259813404,6.158132517027544
1.6158302975149172,6.315942969124582
2.341681283094911,6.509804153657637
2.4966543745169636,6.520073410445077
3.2609168609356978,6.577234177178678
4.045039398229566,6.591999403550293
4.622865617286085,6.051826829826868
4.638771713488503,5.359543641431856
4.6271359189179995,5.251489921099333
4.712218551112505,4.521889392616289
4.74147834542851,3.722424656410504
4.732604856256686,3.3020117626022008
4.749010272137244,2.6021876901613186
4.808841407253544,2.016748521482967
4.820696391601701,1.7200901030405418

1.7748507687540098,4.4906990209166855
1.6808875449958927,5.181839183893443
1.6005581083143205,5.433181462130984
1.6070034259813404,6.158132517027544
1.6158302975149172,6.315942969124582
2.341681283094911,6.509804153657637
2.4966543745169636,6.520073410445077
3.2609168609356978,6.577234177178678
4.045039398229566,6.591999403550293
4.622865617286085,6.051826829826868
4.734999933563138,5.583841849955796
4.90347095396778,5.032197518146829
5.0190335900102765,4.743091785052555
5.2134446583559315,4.0187233382755005
5.327628854713604,3.3950980351477473
5.391270887103587,2.8479643423822525
5.492771196959433,2.431766644885859
5.5793320703997065,1.8014716346497863
5.813078582609123,1.50984857465547
6.297797075942689,1.5719488378799051

1.7748507687540098,4.4906990209166855
1.6808875449958927,5.181839183893443
1.6005581083143205,5.433181462130984
1.6070034259813404,6.158132517027544
1.6158302975149172,6.315942969124582
2.341681283094911,6.509804153657637
2.4966543745169636,6.520073410445077
3.2609168609356978,6.577234177178678
4.045039398229566,6.591999403550293
4.622865617286085,6.051826829826868
4.638771713488503,5.359543641431856
4.6271359189179995,5.251489921099333
4.565164132087011,4.516879662905374
4.447376107933157,4.038722323240397
4.281680502345486,3.561984840492594
3.4990479423859773,3.3961949852805615
3.1727095033622907,3.3306507089149915
2.4363874595160953,3.181288149339123
1.6499298852518802,3.3278640132541852

1.7748507687540098,4.4906990209166855
1.6808875449958927,5.181839183893443
1.6005581083143205,5.433181462130984
1.6070034259813404,6.158132517027544
1.6158302975149172,6.315942969124582
2.341681283094911,6.509804153657637
2.4966543745169636,6.520073410445077
3.2609168609356978,6.577234177178678
4.045039398229566,6.591999403550293
4.622865617286085,6.051826829826868
4.638771713488503,5.359543641431856
4.6271359189179995,5.251489921099333
4.565164132087011,4.516879662905374
4.447376107933157,4.038722323240397
4.281680502345486,3.561984840492594
3.5008989033094537,3.6248638323928466

1.7748507687540098,4.4906990209166855
1.6808875449958927,5.181839183893443
1.6005581083143205,5.433181462130984
1.6070034259813404,6.158132517027544
1.6158302975149172,6.315942969124582
2.341681283094911,6.509804153657637
2.4966543745169636,6.520073410445077
3.2609168609356978,6.577234177178678
4.045039398229566,6.591999403550293
4.622865617286085,6.051826829826868
4.597015570380737,5.636132418764931
4.608146592168326,4.878302174926743
4.596742219484007,4.164831187279364
4.595830756161461,3.7278006588746444

1.7748507687540098,4.4906990209166855
1.6808875449958927,5.181839183893443
1.6005581083143205,5.433181462130984
1.6070034259813404,6.158132517027544
1.6158302975149172,6.315942969124582
2.341681283094911,6.509804153657637
2.4966543745169636,6.520073410445077
3.2609168609356978,6.577234177178678
4.045039398229566,6.591999403550293
4.622865617286085,6.051826829826868
4.734999933563138,5.583841849955796
4.90347095396778,5.032197518146829
5.0190335900102765,4.743091785052555
5.2134446583559315,4.0187233382755005
5.327628854713604,3.3950980351477473
5.391270887103587,2.8479643423822525
5.492771196959433,2.431766644885859
5.5793320703997065,1.8014716346497863
5.813078582609123,1.50984857465547
6.297797075942689,1.5719488378799051
6.586710860602277,2.3179574336974555

1.7748507687540098,4.4906990209166855
2.2597076631405866,4.553399038018127

1.7748507687540098,4.4906990209166855
1.6808875449958927,5.181839183893443
1.6005581083143205,5.433181462130984
1.6070034259813404,6.158132517027544
1.6158302975149172,6.315942969124582
2.341681283094911,6.509804153657637
2.4966543745169636,6.520073410445077
3.2609168609356978,6.577234177178678
4.045039398229566,6.591999403550293
4.622865617286085,6.051826829826868
4.597015570380737,5.636132418764931

1.7748507687540098,4.4906990209166855
1.6808875449958927,5.181839183893443
1.6005581083143205,5.433181462130984
1.6070034259813404,6.158132517027544
1.6158302975149172,6.315942969124582
2.341681283094911,6.509804153657637
3.092574791405562,6.400431543515131
3.8925323979481448,6.3921957840078205
4.582846501887115,6.367881491261867
4.710927411965791,6.259915959348701
5.264410050110626,5.793026743233794
5.980877096538845,5.556836272712264
6.309322264738077,5.467042720054355

1.7748507687540098,4.4906990209166855
1.685078209610362,5.197059455215818
1.6588906220705737,5.505880548791132
1.4954998347100483,6.252765571444371

1.7748507687540098,4.4906990209166855
1.6808875449958927,5.181839183893443
1.6005581083143205,5.433181462130984
1.6070034259813404,6.158132517027544
1.6158302975149172,6.315942969124582
2.341681283094911,6.509804153657637

1.7748507687540098,4.4906990209166855
1.6808875449958927,5.181839183893443
1.6005581083143205,5.433181462130984
1.6070034259813404,6.158132517027544
1.6158302975149172,6.315942969124582
2.341681283094911,6.509804153657637
2.4966543745169636,6.520073410445077
3.2504038392184214,6.788143819968893
3.9286209411316775,6.942094058154732
4.326311944024982,7.091175313304546

1.7748507687540098,4.4906990209166855
1.6808875449958927,5.181839183893443
1.6005581083143205,5.433181462130984
1.6070034259813404,6.158132517027544
1.6158302975149172,6.315942969124582
2.341681283094911,6.509804153657637
3.092574791405562,6.400431543515131
3.8925323979481448,6.3921957840078205
4.582846501887115,6.367881491261867
4.710927411965791,6.259915959348701
5.264410050110626,5.793026743233794
5.980877096538845,5.556836272712264
6.450711067483124,5.607247255618213
6.6330836146324375,6.386182589292499

0.4060374479189284,5.441012469063966
0.8307502289980702,5.775894344234756
1.2732610877443535,6.103746032113037
1.527177316073873,6.345516503415967
2.062988085045789,6.394193882930632
2.8259062065822365,6.426645103497216
3.4416333112445203,6.5495584313735495
4.027898203826915,6.479710835976416
4.425704128153557,6.379757324857892
4.520871355330009,5.6411773291862035
4.544172304924867,5.494532634624472
4.582330454686598,4.774422707193666
4.556804907335269,4.403892964943292
4.315190216296306,3.641251279042144
3.6867433242166494,3.3785618499518857
3.388795401395334,3.2596034286692563
2.7760945061849998,3.0043872691856475
2.634931624019619,2.9311825739798962
1.9685996570207478,2.586490416898103
1.5226856281717027,2.355877000985469
1.4863103499196102,1.619617858026273

0.4060374479189284,5.441012469063966
0.8307502289980702,5.775894344234756
1.2732610877443535,6.103746032113037
1.527177316073873,6.345516503415967
2.062988085045789,6.394193882930632
2.8259062065822365,6.426645103497216
3.4416333112445203,6.5495584313735495
4.027898203826915,6.479710835976416
4.425704128153557,6.379757324857892
4.520871355330009,5.6411773291862035
4.544172304924867,5.494532634624472
4.492221550652693,4.7975142530384325
4.531334190451064,4.198896654129712
4.542621268751855,3.5882506604181654
4.509254136120024,2.944835002503993
4.425320366315547,2.149250234998726
4.3783109514314855,1.756620137172808
4.157249017746885,1.4865335611264345
3.616041642332803,0.8973862308283154

0.4060374479189284,5.441012469063966
0.8307502289980702,5.775894344234756
1.2732610877443535,6.103746032113037
1.527177316073873,6.345516503415967
2.062988085045789,6.394193882930632
2.8259062065822365,6.426645103497216
3.4416333112445203,6.5495584313735495
4.027898203826915,6.479710835976416
4.425704128153557,6.379757324857892
4.520871355330009,5.6411773291862035
4.544172304924867,5.494532634624472
4.492221550652693,4.7975142530384325
4.531334190451064,4.198896654129712
4.542621268751855,3.5882506604181654
4.509254136120024,2.944835002503993
4.52621032710616,2.2405248061791863
4.549279692190806,1.7027232051623953

0.4060374479189284,5.441012469063966
0.8307502289980702,5.775894344234756
1.2732610877443535,6.103746032113037
1.527177316073873,6.345516503415967
2.062988085045789,6.394193882930632
2.8259062065822365,6.426645103497216
3.4416333112445203,6.5495584313735495
4.027898203826915,6.479710835976416
4.425704128153557,6.379757324857892
4.6104352191866615,5.842263400664385
4.731656150963317,5.501518035700258
4.8639434149046545,4.871274142274573
4.996092522469716,4.082264247932457
5.104882534637514,3.5679889505063884
5.207095793784758,2.82640301056578
5.339149393952756,2.1446208192101404
5.583984542567899,1.5868180389824587
6.3309773190298,1.6345302402974466

0.4060374479189284,5.441012469063966
0.8307502289980702,5.775894344234756
1.2732610877443535,6.103746032113037
1.527177316073873,6.345516503415967
2.062988085045789,6.394193882930632
2.8259062065822365,6.426645103497216
3.4416333112445203,6.5495584313735495
4.027898203826915,6.479710835976416
4.425704128153557,6.379757324857892
4.520871355330009,5.6411773291862035
4.544172304924867,5.494532634624472
4.582330454686598,4.774422707193666
4.556804907335269,4.403892964943292
4.315190216296306,3.641251279042144
3.6867433242166494,3.3785618499518857
3.388795401395334,3.2596034286692563
2.746105677925443,3.016285420605618
2.1824703140324013,2.8082973456912517
1.7276829651679524,2.661035750496122

0.4060374479189284,5.441012469063966
0.8307502289980702,5.775894344234756
1.2732610877443535,6.103746032113037
1.527177316073873,6.345516503415967
2.062988085045789,6.394193882930632
2.8259062065822365,6.426645103497216
3.4416333112445203,6.5495584313735495
4.027898203826915,6.479710835976416
4.425704128153557,6.379757324857892
4.520871355330009,5.6411773291862035
4.544172304924867,5.494532634624472
4.582330454686598,4.774422707193666
4.556804907335269,4.403892964943292
4.315190216296306,3.641251279042144
3.7202074016110354,3.5802214328942243

0.4060374479189284,5.441012469063966
0.8307502289980702,5.775894344234756
1.2732610877443535,6.103746032113037
1.527177316073873,6.345516503415967
2.062988085045789,6.394193882930632
2.8259062065822365,6.426645103497216
3.4416333112445203,6.5495584313735495
4.027898203826915,6.479710835976416
4.425704128153557,6.379757324857892
4.520871355330009,5.6411773291862035
4.544172304924867,5.494532634624472
4.582330454686598,4.774422707193666
4.611980058923954,4.38523833800538
4.607235559716225,3.665742283687929

0.4060374479189284,5.441012469063966
0.8307502289980702,5.775894344234756
1.2732610877443535,6.103746032113037
1.527177316073873,6.345516503415967
2.062988085045789,6.394193882930632
2.8259062065822365,6.426645103497216
3.4416333112445203,6.5495584313735495
4.027898203826915,6.479710835976416
4.425704128153557,6.379757324857892
4.6104352191866615,5.842263400664385
4.731656150963317,5.501518035700258
4.8639434149046545,4.871274142274573
4.996092522469716,4.082264247932457
5.104882534637514,3.5679889505063884
5.207095793784758,2.82640301056578
5.339149393952756,2.1446208192101404
5.583984542567899,1.5868180389824587
6.3309773190298,1.6345302402974466
6.51740192148489,1.6632297260772275
6.719880729685833,2.338524696440554

0.4060374479189284,5.441012469063966
0.729161597440054,5.445534815653036
1.4759011042484143,5.409054533273552
1.983146183932507,5.381514900167167
2.305965407911358,5.454476668601291

0.4060374479189284,5.441012469063966
0.8307502289980702,5.775894344234756
1.2732610877443535,6.103746032113037
1.527177316073873,6.345516503415967
2.062988085045789,6.394193882930632
2.8259062065822365,6.426645103497216
3.4416333112445203,6.5495584313735495
4.027898203826915,6.479710835976416
4.425704128153557,6.379757324857892
4.520871355330009,5.6411773291862035

0.4060374479189284,5.441012469063966
0.8307502289980702,5.775894344234756
1.2732610877443535,6.103746032113037
1.527177316073873,6.345516503415967
2.062988085045789,6.394193882930632
2.8259062065822365,6.426645103497216
3.4416333112445203,6.5495584313735495
4.027898203826915,6.479710835976416
4.631652703188036,6.159600161761169
4.820571670673079,6.095013007122945
5.374677536330109,5.811420467572344
6.105705075374602,5.486460874455673
6.3156585113523125,5.363069239180496

0.4060374479189284,5.441012469063966
0.38792369419285233,5.549118519250103
0.29369077887632905,6.263547328131962

0.4060374479189284,5.441012469063966
0.8307502289980702,5.775894344234756
1.2732610877443535,6.103746032113037
1.527177316073873,6.345516503415967
2.261173254824047,6.546956752130894

0.4060374479189284,5.441012469063966
0.8307502289980702,5.775894344234756
1.2732610877443535,6.103746032113037
1.527177316073873,6.345516503415967
2.0265258251606433,6.467183927754954
2.3153991078588505,6.548133028623636
3.0603593614092968,6.583033989291053
3.6335407981681582,6.638031885426912
4.333703029792874,6.708247836426487

0.4060374479189284,5.441012469063966
0.8307502289980702,5.775894344234756
1.2732610877443535,6.103746032113037
1.527177316073873,6.345516503415967
2.062988085045789,6.394193882930632
2.8259062065822365,6.426645103497216
3.4416333112445203,6.5495584313735495
4.027898203826915,6.479710835976416
4.631652703188036,6.159600161761169
4.820571670673079,6.095013007122945
5.374677536330109,5.811420467572344
6.105705075374602,5.486460874455673
6.2193147093167145,5.540259644791943
6.462508656918598,5.932566322273292
6.426019828160696,6.616657324066926

1.578674942213254,4.538417442206255
1.575721981593202,4.990108935404356
1.4598895984680995,5.721969689687969
1.6148130417638198,6.320298128728094
2.206770513301126,6.501279316874948
2.4196781557276004,6.491513179350257
3.1852963587088787,6.5126029962284395
3.9851976153259185,6.525171992309318
4.295746370985775,6.510829266974505
4.444341784072106,6.077013981107927
4.534865047308686,5.366932840900375
4.519507287695423,4.860811519481469
4.4828304212097585,4.066754772537083
4.185331517524852,3.3241280814558376
3.609312371714075,3.050170487369147
2.99558131321394,2.7694662468114406
2.219007413984899,2.580178785667827
1.535073268878342,2.232111758886773
1.11492032676923,1.649517705003496

1.578674942213254,4.538417442206255
1.575721981593202,4.990108935404356
1.4598895984680995,5.721969689687969
1.6148130417638198,6.320298128728094
2.206770513301126,6.501279316874948
2.4196781557276004,6.491513179350257
3.1852963587088787,6.5126029962284395
3.9851976153259185,6.525171992309318
4.295746370985775,6.510829266974505
4.444341784072106,6.077013981107927
4.534865047308686,5.366932840900375
4.572693780384364,4.8437421666451215
4.587645513038046,4.228867348709782
4.656309987977759,3.4318195522249955
4.644041919209625,3.0851700918690463
4.553133229078043,2.609033907617712
4.432044512052416,2.0412253378656597
4.353899613671837,1.667596566701501
3.8133016769724506,1.4578954400503497
3.524971160028438,1.5520236171764012

1.578674942213254,4.538417442206255
1.575721981593202,4.990108935404356
1.4598895984680995,5.721969689687969
1.6148130417638198,6.320298128728094
2.206770513301126,6.501279316874948
2.4196781557276004,6.491513179350257
3.1852963587088787,6.5126029962284395
3.9851976153259185,6.525171992309318
4.295746370985775,6.510829266974505
4.444341784072106,6.077013981107927
4.534865047308686,5.366932840900375
4.572693780384364,4.8437421666451215
4.587645513038046,4.228867348709782
4.656309987977759,3.4318195522249955
4.752498531466431,2.7634832664942297
4.684428525954999,2.015635415510329
4.771291763712952,1.6808232312241458

1.578674942213254,4.538417442206255
1.575721981593202,4.990108935404356
1.4598895984680995,5.721969689687969
1.6148130417638198,6.320298128728094
2.206770513301126,6.501279316874948
2.4196781557276004,6.491513179350257
3.1852963587088787,6.5126029962284395
3.9851976153259185,6.525171992309318
4.295746370985775,6.510829266974505
4.444341784072106,6.077013981107927
4.547859307524128,5.4487607179195265
4.704807425790645,4.701649488403165
4.861798028911484,4.14622975538547
4.962538577080043,3.5137307886558515
5.1723311987970915,2.7417288094659744
5.42989633215138,2.0089650181147682
5.823517416621971,1.5218370281092
6.342345956217098,1.434654128089081

1.578674942213254,4.538417442206255
1.575721981593202,4.990108935404356
1.4598895984680995,5.721969689687969
1.6148130417638198,6.320298128728094
2.206770513301126,6.501279316874948
2.4196781557276004,6.491513179350257
3.1852963587088787,6.5126029962284395
3.9851976153259185,6.525171992309318
4.295746370985775,6.510829266974505
4.444341784072106,6.077013981107927
4.534865047308686,5.366932840900375
4.519507287695423,4.860811519481469
4.4828304212097585,4.066754772537083
4.185331517524852,3.3241280814558376
3.4656829591136757,3.4167717716776815
2.9650219903568606,3.4431851277512195
2.37854418277474,3.512551067003725
1.7457757675202377,3.570736344263603

1.578674942213254,4.538417442206255
1.575721981593202,4.990108935404356
1.4598895984680995,5.721969689687969
1.6148130417638198,6.320298128728094
2.206770513301126,6.501279316874948
2.4196781557276004,6.491513179350257
3.1852963587088787,6.5126029962284395
3.9851976153259185,6.525171992309318
4.295746370985775,6.510829266974505
4.444341784072106,6.077013981107927
4.534865047308686,5.366932840900375
4.519507287695423,4.860811519481469
4.4828304212097585,4.066754772537083
4.185331517524852,3.3241280814558376
3.6633308651798493,3.2100460192129066

1.578674942213254,4.538417442206255
1.575721981593202,4.990108935404356
1.4598895984680995,5.721969689687969
1.6148130417638198,6.320298128728094
2.206770513301126,6.501279316874948
2.4196781557276004,6.491513179350257
3.1852963587088787,6.5126029962284395
3.9851976153259185,6.525171992309318
4.295746370985775,6.510829266974505
4.444341784072106,6.077013981107927
4.547859307524128,5.4487607179195265
4.704807425790645,4.701649488403165
4.861798028911484,4.14622975538547
4.920956640528751,3.6385413101939075

1.578674942213254,4.538417442206255
1.575721981593202,4.990108935404356
1.4598895984680995,5.721969689687969
1.6148130417638198,6.320298128728094
2.206770513301126,6.501279316874948
2.4196781557276004,6.491513179350257
3.1852963587088787,6.5126029962284395
3.9851976153259185,6.525171992309318
4.295746370985775,6.510829266974505
4.444341784072106,6.077013981107927
4.547859307524128,5.4487607179195265
4.704807425790645,4.701649488403165
4.861798028911484,4.14622975538547
4.962538577080043,3.5137307886558515
5.1723311987970915,2.7417288094659744
5.42989633215138,2.0089650181147682
5.823517416621971,1.5218370281092
6.342345956217098,1.434654128089081
6.37007630629516,1.7924340690680232
6.562637869010908,2.352675094960451

1.578674942213254,4.538417442206255
2.343158709476902,4.77280117395478

1.578674942213254,4.538417442206255
1.575721981593202,4.990108935404356
1.4598895984680995,5.721969689687969
1.6148130417638198,6.320298128728094
2.206770513301126,6.501279316874948
2.4196781557276004,6.491513179350257
3.1852963587088787,6.5126029962284395
3.9851976153259185,6.525171992309318
4.681905607398194,6.160615801172834
4.795692072433097,5.71648825808358

1.578674942213254,4.538417442206255
1.575721981593202,4.990108935404356
1.4598895984680995,5.721969689687969
1.6148130417638198,6.320298128728094
2.206770513301126,6.501279316874948
2.4196781557276004,6.491513179350257
3.1852963587088787,6.5126029962284395
3.9851976153259185,6.525171992309318
4.681905607398194,6.160615801172834
5.179404598996947,5.88286847580455
5.900112440291457,5.535621866754715
6.306380784908852,5.4451845057551695

1.578674942213254,4.538417442206255
1.575721981593202,4.990108935404356
1.4598895984680995,5.721969689687969
1.4085900641351283,6.329231934562751

1.578674942213254,4.538417442206255
1.575721981593202,4.990108935404356
1.4598895984680995,5.721969689687969
1.6148130417638198,6.320298128728094
2.305516526042072,6.524730444819051

1.578674942213254,4.538417442206255
1.575721981593202,4.990108935404356
1.4598895984680995,5.721969689687969
1.6148130417638198,6.320298128728094
2.206770513301126,6.501279316874948
2.4196781557276004,6.491513179350257
3.1852963587088787,6.5126029962284395
3.9851976153259185,6.525171992309318
4.295746370985775,6.510829266974505

1.578674942213254,4.538417442206255
1.575721981593202,4.990108935404356
1.4598895984680995,5.721969689687969
1.6148130417638198,6.320298128728094
2.206770513301126,6.501279316874948
2.4196781557276004,6.491513179350257
3.1852963587088787,6.5126029962284395
3.9851976153259185,6.525171992309318
4.681905607398194,6.160615801172834
5.179404598996947,5.88286847580455
5.900112440291457,5.535621866754715
6.306380784908852,5.4451845057551695
6.5479846638277,6.166958095304928
6.561678678276269,6.348224654583969

1.6734425355679061,5.564855061194839
1.5450164965938882,6.219594796288156
2.1867270288926073,6.624928676642808
2.712090285353121,6.651756010556068
3.5086176500652004,6.597435679643606
4.288873524272576,6.420798280532082
4.485563698513025,6.064487342686507
4.407118097765176,5.29255318709015
4.425330157555255,4.976534627292364
4.387659549788811,4.466526976572539
4.50710907422173,3.8563574879943796
4.176388295369075,3.553884991812092
3.4705452939019286,3.232679265400459
3.097703101476788,3.110654150334385
2.604315986806005,2.740435585362831
1.8665854818955396,2.4814704484182424
1.4898400935883158,2.150243574282937
1.197817447628017,1.5124265205044856

1.6734425355679061,5.564855061194839
1.5450164965938882,6.219594796288156
2.1867270288926073,6.624928676642808
2.712090285353121,6.651756010556068
3.5086176500652004,6.597435679643606
4.288873524272576,6.420798280532082
4.485563698513025,6.064487342686507
4.407118097765176,5.29255318709015
4.425330157555255,4.976534627292364
4.387659549788811,4.466526976572539
4.402478837761298,3.9642188977223456
4.428606695472837,3.588188614130798
4.4209412237449985,2.7891484091589325
4.428617052617652,2.3664621282138607
4.423958671181635,1.7389247844755145
4.180563757383282,1.4727539178134679
3.675403364742137,1.4528269464300374

1.6734425355679061,5.564855061194839
1.5450164965938882,6.219594796288156
2.1867270288926073,6.624928676642808
2.712090285353121,6.651756010556068
3.5086176500652004,6.597435679643606
4.288873524272576,6.420798280532082
4.485563698513025,6.064487342686507
4.407118097765176,5.29255318709015
4.425330157555255,4.976534627292364
4.387659549788811,4.466526976572539
4.402478837761298,3.9642188977223456
4.428606695472837,3.588188614130798
4.4209412237449985,2.7891484091589325
4.428617052617652,2.3664621282138607
4.423958671181635,1.7389247844755145

1.6734425355679061,5.564855061194839
1.5450164965938882,6.219594796288156
2.1867270288926073,6.624928676642808
2.712090285353121,6.651756010556068
3.5086176500652004,6.597435679643606
4.288873524272576,6.420798280532082
4.485563698513025,6.064487342686507
4.46728997456856,5.820569003464094
4.731453927041561,5.097951613495523
4.911190938558208,4.581642576003957
5.061300954319377,4.0777782124911255
5.182592916964348,3.4882010874137888
5.23563885132309,3.1796400962967324
5.385540708498893,2.639099404409622
5.512850022618416,1.8492941508575729
5.829004558633829,1.5216559721676144
6.330335680964778,1.4233619546958067

1.6734425355679061,5.564855061194839
1.5450164965938882,6.219594796288156
2.1867270288926073,6.624928676642808
2.712090285353121,6.651756010556068
3.5086176500652004,6.597435679643606
4.288873524272576,6.420798280532082
4.485563698513025,6.064487342686507
4.407118097765176,5.29255318709015
4.425330157555255,4.976534627292364
4.387659549788811,4.466526976572539
4.50710907422173,3.8563574879943796
4.176388295369075,3.553884991812092
3.9441233116797063,3.5093424407091622
3.160891833128602,3.4767278532316226
2.4674108092905715,3.3949712756374675
1.737068151630919,3.428717916830964

1.6734425355679061,5.564855061194839
1.5450164965938882,6.219594796288156
2.1867270288926073,6.624928676642808
2.712090285353121,6.651756010556068
3.5086176500652004,6.597435679643606
4.288873524272576,6.420798280532082
4.485563698513025,6.064487342686507
4.407118097765176,5.29255318709015
4.425330157555255,4.976534627292364
4.387659549788811,4.466526976572539
4.402478837761298,3.9642188977223456
4.333081634581901,3.5473017287881827
3.9905195630887578,3.2455094897268917
3.668780889089089,3.0424530051990377

1.6734425355679061,5.564855061194839
1.5450164965938882,6.219594796288156
2.1867270288926073,6.624928676642808
2.712090285353121,6.651756010556068
3.5086176500652004,6.597435679643606
4.288873524272576,6.420798280532082
4.485563698513025,6.064487342686507
4.407118097765176,5.29255318709015
4.4865814717932295,4.904004361684425
4.641697476325599,4.119186532415802
4.718602103363945,3.738188438368518

1.6734425355679061,5.564855061194839
1.5450164965938882,6.219594796288156
2.1867270288926073,6.624928676642808
2.712090285353121,6.651756010556068
3.5086176500652004,6.597435679643606
4.288873524272576,6.420798280532082
4.485563698513025,6.064487342686507
4.46728997456856,5.820569003464094
4.731453927041561,5.097951613495523
4.911190938558208,4.581642576003957
5.061300954319377,4.0777782124911255
5.182592916964348,3.4882010874137888
5.23563885132309,3.1796400962967324
5.385540708498893,2.639099404409622
5.512850022618416,1.8492941508575729
5.829004558633829,1.5216559721676144
6.143323591270061,1.434272087760813
6.437356790259187,1.9051285640575095
6.500983849241764,2.2978180487393605

1.6734425355679061,5.564855061194839
2.301376124595037,5.135228165616508

1.6734425355679061,5.564855061194839
1.5450164965938882,6.219594796288156
2.1867270288926073,6.624928676642808
2.712090285353121,6.651756010556068
3.5086176500652004,6.597435679643606
4.288873524272576,6.420798280532082
4.5641013975782085,6.076999643886158
4.846321866619772,5.682329830951485

1.6734425355679061,5.564855061194839
1.5450164965938882,6.219594796288156
2.1867270288926073,6.624928676642808
2.712090285353121,6.651756010556068
3.5086176500652004,6.597435679643606
4.288873524272576,6.420798280532082
4.501071625474318,6.319264482846716
4.974907370776376,5.948133593802801
5.334221678619328,5.730878629023176
5.958818818876444,5.50047178733178
6.560368372858537,5.335957444110203

1.6734425355679061,5.564855061194839
1.5450164965938882,6.219594796288156
1.5402005652558715,6.375350066305746

1.6734425355679061,5.564855061194839
1.5450164965938882,6.219594796288156
2.1867270288926073,6.624928676642808
2.5065255752347735,6.823736529750045

1.6734425355679061,5.564855061194839
1.5450164965938882,6.219594796288156
2.1867270288926073,6.624928676642808
2.712090285353121,6.651756010556068
3.5086176500652004,6.597435679643606
4.288873524272576,6.420798280532082

1.6734425355679061,5.564855061194839
1.5450164965938882,6.219594796288156
2.1867270288926073,6.624928676642808
2.712090285353121,6.651756010556068
3.5086176500652004,6.597435679643606
4.288873524272576,6.420798280532082
4.501071625474318,6.319264482846716
4.974907370776376,5.948133593802801
5.334221678619328,5.730878629023176
5.832151633830334,5.602497245088273
6.155344122384227,5.582085157935863
6.651319159423502,5.836709133494656
6.595717444063293,6.273777924336898

1.8811752864236055,4.720839726465949
1.7158796195217074,5.234111657903418
1.6531229227395252,5.59254268275723
1.5422192881965326,6.338942576383253
2.027329402117061,6.710427987952022
2.8216654319362804,6.615400246049775
3.2012139876112076,6.5030424333536185
3.959631039968673,6.482856140640909
4.257543068472957,6.387478661775272
4.453552997454668,6.17514535556431
4.566269421044293,5.411399158560158
4.58677653835796,5.196841675420223
4.597139987223644,4.576740396742506
4.3911097906065395,3.9019112325975938
4.226230076057565,3.2913495543771543
3.7176973275535095,3.1972510772224108
3.2962751567661854,3.0411641387209225
2.8754560250676326,2.868248226506811
2.0999457047502594,2.7796046012906697
1.544943468669112,2.203434038050125
1.590627326022555,1.6381156342895835

1.8811752864236055,4.720839726465949
1.7158796195217074,5.234111657903418
1.6531229227395252,5.59254268275723
1.5422192881965326,6.338942576383253
2.027329402117061,6.710427987952022
2.8216654319362804,6.615400246049775
3.2012139876112076,6.5030424333536185
3.959631039968673,6.482856140640909
4.257543068472957,6.387478661775272
4.453552997454668,6.17514535556431
4.566269421044293,5.411399158560158
4.58677653835796,5.196841675420223
4.597139987223644,4.576740396742506
4.475573343109428,4.21703527758414
4.481810047327638,3.6007698223622278
4.508218563953675,3.0744660015806478
4.5277420086388425,2.5507122476743365
4.5616240504514955,1.87350972382835
4.516714473830643,1.6845031835315134
3.7307954218640234,1.5350667630849222

1.8811752864236055,4.720839726465949
1.7158796195217074,5.234111657903418
1.6531229227395252,5.59254268275723
1.5422192881965326,6.338942576383253
2.027329402117061,6.710427987952022
2.8216654319362804,6.615400246049775
3.2012139876112076,6.5030424333536185
3.959631039968673,6.482856140640909
4.257543068472957,6.387478661775272
4.453552997454668,6.17514535556431
4.566269421044293,5.411399158560158
4.58677653835796,5.196841675420223
4.597139987223644,4.576740396742506
4.475573343109428,4.21703527758414
4.481810047327638,3.6007698223622278
4.508218563953675,3.0744660015806478
4.5277420086388425,2.5507122476743365
4.5616240504514955,1.87350972382835
4.516714473830643,1.6845031835315134

1.8811752864236055,4.720839726465949
1.7158796195217074,5.234111657903418
1.6531229227395252,5.59254268275723
1.5422192881965326,6.338942576383253
2.027329402117061,6.710427987952022
2.8216654319362804,6.615400246049775
3.2012139876112076,6.5030424333536185
3.959631039968673,6.482856140640909
4.257543068472957,6.387478661775272
4.453552997454668,6.17514535556431
4.57018429088947,5.464738527846192
4.664433896893412,4.994423013031778
4.783958116562068,4.301666046928881
4.854670703747431,3.866920128834364
4.976412552810789,3.27427011168981
5.160190247004038,2.584043845834483
5.299615107278576,1.9981639089054637
5.7184932420695915,1.5800379709931724
6.449472066370795,1.541807800602538

1.8811752864236055,4.720839726465949
1.7158796195217074,5.234111657903418
1.6531229227395252,5.59254268275723
1.5422192881965326,6.338942576383253
2.027329402117061,6.710427987952022
2.8216654319362804,6.615400246049775
3.2012139876112076,6.5030424333536185
3.959631039968673,6.482856140640909
4.257543068472957,6.387478661775272
4.453552997454668,6.17514535556431
4.566269421044293,5.411399158560158
4.58677653835796,5.196841675420223
4.597139987223644,4.576740396742506
4.475573343109428,4.21703527758414
4.481810047327638,3.6007698223622278
4.011315767110046,3.497690350833456
3.3838639477647856,3.378954382923793
3.0679068724239067,3.2866267598100642
2.3882061025275028,3.1820578325443085
1.598168130314661,3.0562007609836646

1.8811752864236055,4.720839726465949
1.7158796195217074,5.234111657903418
1.6531229227395252,5.59254268275723
1.5422192881965326,6.338942576383253
2.027329402117061,6.710427987952022
2.8216654319362804,6.615400246049775
3.2012139876112076,6.5030424333536185
3.959631039968673,6.482856140640909
4.257543068472957,6.387478661775272
4.453552997454668,6.17514535556431
4.566269421044293,5.411399158560158
4.58677653835796,5.196841675420223
4.597139987223644,4.576740396742506
4.475573343109428,4.21703527758414
4.481810047327638,3.6007698223622278
3.6931835435107727,3.466351678209038

1.8811752864236055,4.720839726465949
1.7158796195217074,5.234111657903418
1.6531229227395252,5.59254268275723
1.5422192881965326,6.338942576383253
2.027329402117061,6.710427987952022
2.8216654319362804,6.615400246049775
3.2012139876112076,6.5030424333536185
3.959631039968673,6.482856140640909
4.257543068472957,6.387478661775272
4.617075813977533,5.799508011884311
4.8096524694089515,5.063631796042986
4.9491298863699695,4.453923507478434
5.098569649916135,3.7242822466281087

1.8811752864236055,4.720839726465949
1.7158796195217074,5.234111657903418
1.6531229227395252,5.59254268275723
1.5422192881965326,6.338942576383253
2.027329402117061,6.710427987952022
2.8216654319362804,6.615400246049775
3.2012139876112076,6.5030424333536185
3.959631039968673,6.482856140640909
4.257543068472957,6.387478661775272
4.453552997454668,6.17514535556431
4.57018429088947,5.464738527846192
4.664433896893412,4.994423013031778
4.783958116562068,4.301666046928881
4.854670703747431,3.866920128834364
4.976412552810789,3.27427011168981
5.160190247004038,2.584043845834483
5.299615107278576,1.9981639089054637
5.824615027662617,1.5244047982330462
6.0117052856609385,1.4903345243454265
6.39715357768943,1.7131826739997138
6.522020200814794,2.3031902164431957

1.8811752864236055,4.720839726465949
2.318260387657074,4.736656992711098

1.8811752864236055,4.720839726465949
1.7158796195217074,5.234111657903418
1.6531229227395252,5.59254268275723
1.5422192881965326,6.338942576383253
2.027329402117061,6.710427987952022
2.8216654319362804,6.615400246049775
3.2012139876112076,6.5030424333536185
3.959631039968673,6.482856140640909
4.257543068472957,6.387478661775272
4.453552997454668,6.17514535556431
4.474082989127274,5.726458320337997

1.8811752864236055,4.720839726465949
1.7158796195217074,5.234111657903418
1.6531229227395252,5.59254268275723
1.5422192881965326,6.338942576383253
2.027329402117061,6.710427987952022
2.8216654319362804,6.615400246049775
3.2012139876112076,6.5030424333536185
3.959631039968673,6.482856140640909
4.604355157131212,6.247974456858575
5.3190895793302655,5.88859345329302
5.925684279897311,5.52865974795318
6.302565160602276,5.352573972772591

1.8811752864236055,4.720839726465949
1.7158796195217074,5.234111657903418
1.6531229227395252,5.59254268275723
1.5422192881965326,6.338942576383253

1.8811752864236055,4.720839726465949
1.7158796195217074,5.234111657903418
1.6531229227395252,5.59254268275723
1.5422192881965326,6.338942576383253
2.027329402117061,6.710427987952022
2.40104850046873,6.761322059807251

1.8811752864236055,4.720839726465949
1.7158796195217074,5.234111657903418
1.6531229227395252,5.59254268275723
1.5422192881965326,6.338942576383253
2.027329402117061,6.710427987952022
2.8216654319362804,6.615400246049775
3.2012139876112076,6.5030424333536185
3.959631039968673,6.482856140640909
4.257543068472957,6.387478661775272

1.8811752864236055,4.720839726465949
1.7158796195217074,5.234111657903418
1.6531229227395252,5.59254268275723
1.5422192881965326,6.338942576383253
2.027329402117061,6.710427987952022
2.8216654319362804,6.615400246049775
3.2012139876112076,6.5030424333536185
3.959631039968673,6.482856140640909
4.604355157131212,6.247974456858575
5.3190895793302655,5.88859345329302
5.925684279897311,5.52865974795318
6.40463173932832,5.619891213826544
6.37942992226847,6.078764145076171
6.440432164087497,6.420050621561343

0.7515617730948088,4.40650343430479
0.9747998392660774,4.712864289861192
1.2001312444163539,5.445191958266179
1.5323241857801273,6.054641559254974
1.7370764631767317,6.473014517244466
2.3197459661650854,6.461333454615841
2.6352525102762634,6.452101165356743
3.4346782910423332,6.482406627678909
3.484069086850061,6.480979486976431
4.2296280475013575,6.373288044790247
4.488107988260406,6.253880244812814
4.653201219992175,5.650877390539158
4.571761717484416,5.296763142318206
4.470504408966091,4.635354361467557
4.498476395588675,3.995829660309239
4.187420517021069,3.4374341313396166
3.5284736765530433,3.1709928368954303
2.8727111323892367,2.968627491881026
2.2654388707118795,2.6608224936554636
1.7397137008313233,2.3483617351006156
1.5046095088871863,2.09734992073859
1.3917927317990777,1.646287518059316

0.7515617730948088,4.40650343430479
0.9747998392660774,4.712864289861192
1.2001312444163539,5.445191958266179
1.5323241857801273,6.054641559254974
1.7370764631767317,6.473014517244466
2.3197459661650854,6.461333454615841
2.6352525102762634,6.452101165356743
3.4346782910423332,6.482406627678909
3.484069086850061,6.480979486976431
4.2296280475013575,6.373288044790247
4.488107988260406,6.253880244812814
4.653201219992175,5.650877390539158
4.665255966384588,5.4183726680798125
4.70340092712627,4.647038838695029
4.649701527303083,4.090347806745975
4.582494354383168,3.459814626816379
4.523034357314844,2.9477716442777284
4.4557338449802435,2.406837081210571
4.370734128341875,1.6334614545474762
3.6430855359148695,1.377051526957783

0.7515617730948088,4.40650343430479
0.9747998392660774,4.712864289861192
1.2001312444163539,5.445191958266179
1.5323241857801273,6.054641559254974
1.7370764631767317,6.473014517244466
2.3197459661650854,6.461333454615841
2.6352525102762634,6.452101165356743
3.4346782910423332,6.482406627678909
3.484069086850061,6.480979486976431
4.2296280475013575,6.373288044790247
4.488107988260406,6.253880244812814
4.653201219992175,5.650877390539158
4.665255966384588,5.4183726680798125
4.70340092712627,4.647038838695029
4.649701527303083,4.090347806745975
4.6700086128714595,3.321791252853311
4.7351851340645625,2.706740138672049
4.74403969504662,2.47201973951097
4.773268342072157,1.67255386394588

0.7515617730948088,4.40650343430479
0.9747998392660774,4.712864289861192
1.2001312444163539,5.445191958266179
1.5323241857801273,6.054641559254974
1.7370764631767317,6.473014517244466
2.3197459661650854,6.461333454615841
2.6352525102762634,6.452101165356743
3.4346782910423332,6.482406627678909
3.484069086850061,6.480979486976431
4.2296280475013575,6.373288044790247
4.488107988260406,6.253880244812814
4.653201219992175,5.650877390539158
4.832015916117735,4.90941973366704
4.963908360526133,4.23546594091736
5.035349523324842,3.9937401570408637
5.188734227288511,3.3001174539174576
5.328756931466405,2.5803622115381133
5.53541167082676,1.8075143489546013
6.052247030005884,1.3676386318199891
6.25686412256778,1.170910340382653

0.7515617730948088,4.40650343430479
0.9747998392660774,4.712864289861192
1.2001312444163539,5.445191958266179
1.5323241857801273,6.054641559254974
1.7370764631767317,6.473014517244466
2.3197459661650854,6.461333454615841
2.6352525102762634,6.452101165356743
3.4346782910423332,6.482406627678909
3.484069086850061,6.480979486976431
4.2296280475013575,6.373288044790247
4.488107988260406,6.253880244812814
4.653201219992175,5.650877390539158
4.571761717484416,5.296763142318206
4.470504408966091,4.635354361467557
4.498476395588675,3.995829660309239
4.187420517021069,3.4374341313396166
3.6091434943940977,3.4196950833346396
2.859244570332759,3.459193364581227
2.0609615774293046,3.406807648578643
1.6547457782148323,3.4181605644021866

0.7515617730948088,4.40650343430479
0.9747998392660774,4.712864289861192
1.2001312444163539,5.445191958266179
1.5323241857801273,6.054641559254974
1.7370764631767317,6.473014517244466
2.3197459661650854,6.461333454615841
2.6352525102762634,6.452101165356743
3.4346782910423332,6.482406627678909
3.484069086850061,6.480979486976431
4.2296280475013575,6.373288044790247
4.488107988260406,6.253880244812814
4.653201219992175,5.650877390539158
4.571761717484416,5.296763142318206
4.470504408966091,4.635354361467557
4.498476395588675,3.995829660309239
4.187420517021069,3.4374341313396166
3.7238268563764034,3.5337255173577766

0.7515617730948088,4.40650343430479
0.9747998392660774,4.712864289861192
1.2001312444163539,5.445191958266179
1.5323241857801273,6.054641559254974
1.7370764631767317,6.473014517244466
2.3197459661650854,6.461333454615841
2.6352525102762634,6.452101165356743
3.4346782910423332,6.482406627678909
3.484069086850061,6.480979486976431
4.2296280475013575,6.373288044790247
4.488107988260406,6.253880244812814
4.653201219992175,5.650877390539158
4.571761717484416,5.296763142318206
4.470504408966091,4.635354361467557
4.498476395588675,3.995829660309239
4.5110572810776555,3.7252691404651292

0.7515617730948088,4.40650343430479
0.9747998392660774,4.712864289861192
1.2001312444163539,5.445191958266179
1.5323241857801273,6.054641559254974
1.7370764631767317,6.473014517244466
2.3197459661650854,6.461333454615841
2.6352525102762634,6.452101165356743
3.4346782910423332,6.482406627678909
3.484069086850061,6.480979486976431
4.2296280475013575,6.373288044790247
4.488107988260406,6.253880244812814
4.653201219992175,5.650877390539158
4.832015916117735,4.90941973366704
4.963908360526133,4.23546594091736
5.035349523324842,3.9937401570408637
5.188734227288511,3.3001174539174576
5.328756931466405,2.5803622115381133
5.53541167082676,1.8075143489546013
5.691709217685894,1.598353020452417
6.218289159140318,1.6237064330279694
6.514067117581962,1.7631717276060686
6.506643505398624,2.3727488022065013

0.7515617730948088,4.40650343430479
1.5262883002455714,4.605999820560077
2.271819380639417,4.754659913174606

0.7515617730948088,4.40650343430479
0.9747998392660774,4.712864289861192
1.2001312444163539,5.445191958266179
1.5323241857801273,6.054641559254974
1.7370764631767317,6.473014517244466
2.3197459661650854,6.461333454615841
2.6352525102762634,6.452101165356743
3.4346782910423332,6.482406627678909
3.484069086850061,6.480979486976431
4.2296280475013575,6.373288044790247
4.716999709288507,5.942893746194923
4.815290461507519,5.746400635025604

0.7515617730948088,4.40650343430479
0.9747998392660774,4.712864289861192
1.2001312444163539,5.445191958266179
1.5323241857801273,6.054641559254974
1.7370764631767317,6.473014517244466
2.3197459661650854,6.461333454615841
2.6352525102762634,6.452101165356743
3.4346782910423332,6.482406627678909
3.484069086850061,6.480979486976431
4.2296280475013575,6.373288044790247
4.774523435439318,6.170887565300041
5.232066271333405,5.884207515251645
5.731625416701974,5.623192256773882
6.2749742073074755,5.5719912793330995

0.7515617730948088,4.40650343430479
0.7338501994688481,4.491202052032951
0.9339061862378921,5.2657842633945755
1.0659857542406779,5.832196674889847
1.0524268452980374,6.332930819991747

0.7515617730948088,4.40650343430479
0.9747998392660774,4.712864289861192
1.2001312444163539,5.445191958266179
1.5323241857801273,6.054641559254974
1.7370764631767317,6.473014517244466
2.3197459661650854,6.461333454615841

0.7515617730948088,4.40650343430479
0.9747998392660774,4.712864289861192
1.2001312444163539,5.445191958266179
1.5323241857801273,6.054641559254974
1.7370764631767317,6.473014517244466
2.453491247442423,6.512885931662482
2.765848559672544,6.541549623905496
3.518264097826077,6.546810958286201
4.311442423593458,6.550047323471273

0.7515617730948088,4.40650343430479
0.9747998392660774,4.712864289861192
1.2001312444163539,5.445191958266179
1.5323241857801273,6.054641559254974
1.7370764631767317,6.473014517244466
2.3197459661650854,6.461333454615841
2.6352525102762634,6.452101165356743
3.4346782910423332,6.482406627678909
3.484069086850061,6.480979486976431
4.2296280475013575,6.373288044790247
4.774523435439318,6.170887565300041
5.232066271333405,5.884207515251645
5.731625416701974,5.623192256773882
6.2749742073074755,5.5719912793330995
6.582719238818397,6.29521771055021

0.26149126716541393,5.445524455198293
0.8061324072125431,5.811613004985314
1.4429850913113478,6.245629728682017
1.97871540286559,6.425797526547291
2.5980544149163496,6.541615861369308
3.1337574420847725,6.518971359262159
3.703963933266126,6.468741754211724
4.160632198307042,6.4303483247299695
4.530856805341741,6.0999299697778095
4.596636612287265,5.344095502778344
4.499257024566268,4.629776583906652
4.60202587095891,4.0295925296689
4.108261731284883,3.470930449384362
3.386332203464015,3.149917031775127
2.6448536921613455,2.8906959590701446
2.0671911335955087,2.5251900325158774
1.5185651978526797,2.2372378279455467
1.3275567971309583,1.6591536120565349

0.26149126716541393,5.445524455198293
0.8061324072125431,5.811613004985314
1.4429850913113478,6.245629728682017
1.97871540286559,6.425797526547291
2.5980544149163496,6.541615861369308
3.1337574420847725,6.518971359262159
3.703963933266126,6.468741754211724
4.160632198307042,6.4303483247299695
4.530856805341741,6.0999299697778095
4.596636612287265,5.344095502778344
4.499257024566268,4.629776583906652
4.495369223796473,3.9551153581710583
4.46004647098607,3.2432043752269646
4.45139086555547,2.6107226685585285
4.423691522572039,1.889910436818428
4.364813651719704,1.6501212905839933
3.7294059555097614,1.549296154417351

0.26149126716541393,5.445524455198293
0.8061324072125431,5.811613004985314
1.4429850913113478,6.245629728682017
1.97871540286559,6.425797526547291
2.5980544149163496,6.541615861369308
3.1337574420847725,6.518971359262159
3.703963933266126,6.468741754211724
4.160632198307042,6.4303483247299695
4.530856805341741,6.0999299697778095
4.596636612287265,5.344095502778344
4.499257024566268,4.629776583906652
4.495369223796473,3.9551153581710583
4.528087503452021,3.2188449374993664
4.571396844649007,2.4589686369529176
4.7208800508439435,1.677238512070975

0.26149126716541393,5.445524455198293
0.8061324072125431,5.811613004985314
1.4429850913113478,6.245629728682017
1.97871540286559,6.425797526547291
2.5980544149163496,6.541615861369308
3.1337574420847725,6.518971359262159
3.703963933266126,6.468741754211724
4.160632198307042,6.4303483247299695
4.530856805341741,6.0999299697778095
4.5647110376642726,5.714311015091858
4.610156722366952,5.2021566229643765
4.866826637592439,4.444449189571948
5.079690685135849,3.9912120501906796
5.207817186759297,3.3562534330245715
5.239543313592006,2.9351110221937518
5.423791536962642,2.3199810168010773
5.650568901721649,1.7017735183835017
6.251547565548853,1.4059370299187395

0.26149126716541393,5.445524455198293
0.8061324072125431,5.811613004985314
1.4429850913113478,6.245629728682017
1.97871540286559,6.425797526547291
2.5980544149163496,6.541615861369308
3.1337574420847725,6.518971359262159
3.703963933266126,6.468741754211724
4.160632198307042,6.4303483247299695
4.530856805341741,6.0999299697778095
4.596636612287265,5.344095502778344
4.499257024566268,4.629776583906652
4.60202587095891,4.0295925296689
4.108261731284883,3.470930449384362
3.325638556866639,3.305096294689043
2.5868215356179878,3.177893664889202
1.9018763922820656,3.1163188852867347
1.7286560772671042,3.0988639178579684

0.26149126716541393,5.445524455198293
0.8061324072125431,5.811613004985314
1.4429850913113478,6.245629728682017
1.97871540286559,6.425797526547291
2.5980544149163496,6.541615861369308
3.1337574420847725,6.518971359262159
3.703963933266126,6.468741754211724
4.160632198307042,6.4303483247299695
4.530856805341741,6.0999299697778095
4.596636612287265,5.344095502778344
4.499257024566268,4.629776583906652
4.60202587095891,4.0295925296689
4.108261731284883,3.470930449384362
3.7305627207727357,3.571614877761049

0.26149126716541393,5.445524455198293
0.8061324072125431,5.811613004985314
1.4429850913113478,6.245629728682017
1.97871540286559,6.425797526547291
2.5980544149163496,6.541615861369308
3.1337574420847725,6.518971359262159
3.703963933266126,6.468741754211724
4.160632198307042,6.4303483247299695
4.530856805341741,6.0999299697778095
4.596636612287265,5.344095502778344
4.499257024566268,4.629776583906652
4.60202587095891,4.0295925296689
4.722950195590681,3.704396159740871

0.26149126716541393,5.445524455198293
0.8061324072125431,5.811613004985314
1.4429850913113478,6.245629728682017
1.97871540286559,6.425797526547291
2.5980544149163496,6.541615861369308
3.1337574420847725,6.518971359262159
3.703963933266126,6.468741754211724
4.160632198307042,6.4303483247299695
4.530856805341741,6.0999299697778095
4.5647110376642726,5.714311015091858
4.610156722366952,5.2021566229643765
4.866826637592439,4.444449189571948
5.079690685135849,3.9912120501906796
5.207817186759297,3.3562534330245715
5.239543313592006,2.9351110221937518
5.423791536962642,2.3199810168010773
5.650568901721649,1.7017735183835017
5.94179146370011,1.538885540048915
6.475983031456033,1.6681304279849014
6.410598900806919,2.2727139689041183

0.26149126716541393,5.445524455198293
0.9116451514226198,5.304845050815742
1.6725285064325583,5.209541709429414
2.268867265512514,5.132289886070138

0.26149126716541393,5.445524455198293
0.8061324072125431,5.811613004985314
1.4429850913113478,6.245629728682017
1.97871540286559,6.425797526547291
2.5980544149163496,6.541615861369308
3.1337574420847725,6.518971359262159
3.703963933266126,6.468741754211724
4.160632198307042,6.4303483247299695
4.530856805341741,6.0999299697778095
4.5647110376642726,5.714311015091858

0.26149126716541393,5.445524455198293
0.8061324072125431,5.811613004985314
1.4429850913113478,6.245629728682017
1.97871540286559,6.425797526547291
2.5980544149163496,6.541615861369308
3.1337574420847725,6.518971359262159
3.703963933266126,6.468741754211724
4.491568302475385,6.328458620505333
4.946630524296936,6.103021439624162
5.441615845948717,5.804906376162408
5.747332482530572,5.6380753301051385
6.1886890457737875,5.511219589208514
6.274347513943092,5.627248433628589

0.26149126716541393,5.445524455198293
0.6124848841957411,6.005599124412157
0.7812486869106738,6.321286482859794

0.26149126716541393,5.445524455198293
0.8061324072125431,5.811613004985314
1.4429850913113478,6.245629728682017
1.97871540286559,6.425797526547291
2.257822015315163,6.399159027316789

0.26149126716541393,5.445524455198293
0.8061324072125431,5.811613004985314
1.4429850913113478,6.245629728682017
1.97871540286559,6.425797526547291
2.5980544149163496,6.541615861369308
3.1337574420847725,6.518971359262159
3.703963933266126,6.468741754211724
4.302122428371358,6.426261450745576

0.26149126716541393,5.445524455198293
0.8061324072125431,5.811613004985314
1.4429850913113478,6.245629728682017
1.97871540286559,6.425797526547291
2.5980544149163496,6.541615861369308
3.1337574420847725,6.518971359262159
3.703963933266126,6.468741754211724
4.491568302475385,6.328458620505333
4.946630524296936,6.103021439624162
5.441615845948717,5.804906376162408
5.747332482530572,5.6380753301051385
6.1886890457737875,5.511219589208514
6.591854256214056,6.107734775296483
6.489065429929125,6.348526717113395

