7.317020416315542,3.467434382184379
7.058666528557709,2.710299474337427
6.766063872646345,2.0775518494389384
6.563823793774548,1.6133935807110547
5.779470807030869,1.593514513257999
5.7387504741414315,1.6464268275173493
5.034779549668353,1.9893816037801115
4.432749430241248,2.2940070637990155
4.035233236036592,2.4758774152712104
3.4592764976771013,2.477057456177046
2.6628749225857664,2.467071212867646
1.8635623286213432,2.5002280693209493
1.4391105311045929,2.0860153179983736
1.1290961365792929,1.707800155282436

7.317020416315542,3.467434382184379
7.058666528557709,2.710299474337427
6.766063872646345,2.0775518494389384
6.563823793774548,1.6133935807110547
5.771280829674961,1.5172475837663448
5.413466743279246,1.4857031391688154
4.627754776670493,1.3351816937605088
4.038006005706266,1.1280928463192739
3.746610858764239,1.0202249263429746

7.317020416315542,3.467434382184379
7.058666528557709,2.710299474337427
6.766063872646345,2.0775518494389384
6.563823793774548,1.6133935807110547
5.779470807030869,1.593514513257999
5.7387504741414315,1.6464268275173493

7.317020416315542,3.467434382184379
7.3063927604774745,2.6675049772170487
7.370823726651814,1.9824871079716022
7.436904206919703,1.6367058572033868

7.317020416315542,3.467434382184379
7.058666528557709,2.710299474337427
6.766063872646345,2.0775518494389384
6.563823793774548,1.6133935807110547
5.779470807030869,1.593514513257999
5.7387504741414315,1.6464268275173493
5.034779549668353,1.9893816037801115
4.432749430241248,2.2940070637990155
4.035233236036592,2.4758774152712104
3.4592764976771013,2.477057456177046
2.6628749225857664,2.467071212867646
1.8635623286213432,2.5002280693209493
1.70377154625615,2.5620128403851345

7.317020416315542,3.467434382184379
7.058666528557709,2.710299474337427
6.766063872646345,2.0775518494389384
6.563823793774548,1.6133935807110547
5.779470807030869,1.593514513257999
5.7387504741414315,1.6464268275173493
5.034779549668353,1.9893816037801115
4.432749430241248,2.2940070637990155
4.035233236036592,2.4758774152712104
3.5993433772027696,2.4588162607222896

7.317020416315542,3.467434382184379
7.058666528557709,2.710299474337427
6.766063872646345,2.0775518494389384
6.563823793774548,1.6133935807110547
5.771280829674961,1.5172475837663448
5.425297719456025,2.080777035742213
5.432557584839208,2.3027165444694555

7.317020416315542,3.467434382184379
7.058666528557709,2.710299474337427
6.766063872646345,2.0775518494389384
6.563823793774548,1.6133935807110547
5.771280829674961,1.5172475837663448
5.425297719456025,2.080777035742213
5.267624497812957,2.6736372893316522
5.1596003958081935,3.042346535663278
5.047058607127616,3.808524458627595
4.887258407296911,4.545800416685747
4.842377872113076,4.722193553423864
4.65507063487226,5.467924765347101
4.5314684346494785,6.100247279458705
4.111804623929009,6.547935624227972
3.4357586447431414,6.537593568636458
3.100211099335789,6.582274346713254
2.3365910729690724,6.463591024692709
1.6528338097164985,6.340699613832822
1.4340002820531512,5.620789883058639

7.317020416315542,3.467434382184379
7.058666528557709,2.710299474337427
6.766063872646345,2.0775518494389384
6.563823793774548,1.6133935807110547
5.771280829674961,1.5172475837663448
5.425297719456025,2.080777035742213
5.267624497812957,2.6736372893316522
5.1596003958081935,3.042346535663278
5.047058607127616,3.808524458627595
4.887258407296911,4.545800416685747
4.842377872113076,4.722193553423864
4.65507063487226,5.467924765347101
4.5314684346494785,6.100247279458705
4.111804623929009,6.547935624227972
3.4357586447431414,6.537593568636458
3.100211099335789,6.582274346713254
2.3365910729690724,6.463591024692709
1.6528338097164985,6.340699613832822
1.4340002820531512,5.620789883058639
2.0178998946777855,5.570395814243863
2.2936638992308733,5.487345892457454

7.317020416315542,3.467434382184379
7.058666528557709,2.710299474337427
6.766063872646345,2.0775518494389384
6.563823793774548,1.6133935807110547
5.771280829674961,1.5172475837663448
5.425297719456025,2.080777035742213
5.445242941465007,2.4503241460384366
5.528561758892489,3.2004993737188214
5.521350333214969,3.6772384038498687
5.483748303149279,4.256453138149669

7.317020416315542,3.467434382184379
7.058666528557709,2.710299474337427
6.766063872646345,2.0775518494389384
6.563823793774548,1.6133935807110547
5.771280829674961,1.5172475837663448
5.425297719456025,2.080777035742213
5.353335416106327,2.5471300999338062
5.342879606600853,3.2437482115138225
5.41694106006078,3.86931480145098
5.718866786978297,4.447509114236
6.343581070181491,4.708522381245388

7.317020416315542,3.467434382184379
7.058666528557709,2.710299474337427
6.766063872646345,2.0775518494389384
6.563823793774548,1.6133935807110547
5.771280829674961,1.5172475837663448
5.425297719456025,2.080777035742213
5.267624497812957,2.6736372893316522
5.1596003958081935,3.042346535663278
5.047058607127616,3.808524458627595
4.887258407296911,4.545800416685747
4.842377872113076,4.722193553423864
4.65507063487226,5.467924765347101
4.5314684346494785,6.100247279458705
4.111804623929009,6.547935624227972
3.4357586447431414,6.537593568636458
3.100211099335789,6.582274346713254
2.3365910729690724,6.463591024692709
1.6528338097164985,6.340699613832822

7.317020416315542,3.467434382184379
7.058666528557709,2.710299474337427
6.766063872646345,2.0775518494389384
6.563823793774548,1.6133935807110547
5.771280829674961,1.5172475837663448
5.425297719456025,2.080777035742213
5.267624497812957,2.6736372893316522
5.1596003958081935,3.042346535663278
5.047058607127616,3.808524458627595
4.887258407296911,4.545800416685747
4.842377872113076,4.722193553423864
4.65507063487226,5.467924765347101
4.5314684346494785,6.100247279458705
4.111804623929009,6.547935624227972
3.554517319868012,6.882193020128664

7.317020416315542,3.467434382184379
7.058666528557709,2.710299474337427
6.766063872646345,2.0775518494389384
6.563823793774548,1.6133935807110547
5.771280829674961,1.5172475837663448
5.425297719456025,2.080777035742213
5.353335416106327,2.5471300999338062
5.2790354590398065,2.992771234445711
5.177965854761137,3.7863611380426216
5.085160937189194,4.459734637927589
5.006157361654999,5.040233096414149
4.954484325249981,5.404012894324433
4.784728325406352,6.18579476960493
4.746907676414683,6.290618315593868

7.317020416315542,3.467434382184379
7.058666528557709,2.710299474337427
6.766063872646345,2.0775518494389384
6.563823793774548,1.6133935807110547
5.771280829674961,1.5172475837663448
5.425297719456025,2.080777035742213
5.445242941465007,2.4503241460384366
5.528561758892489,3.2004993737188214
5.565701987368009,3.695538290696203
5.602193778932146,4.4646167449885255
5.988951941524334,4.9561959555492745
6.377716299952919,5.623561932044549
6.401242519543967,6.262255995910847

6.515649294361647,3.4238310163444323
6.4771097822904355,2.6682900385636765
6.398642289217971,1.8721475560073675
6.36035537906274,1.6127685729446202
5.90165049951853,1.5119956751659795
5.181742512520539,1.8608975098652265
4.80391544430784,2.096606135704687
4.238997854869843,2.4878751889055475
3.4396760021111663,2.4994767589973432
3.401470383057268,2.4920652976664788
2.6015409510807,2.4814396749719894
1.9395157469959234,2.459013807054646
1.6543702004246668,2.2894593248493864
1.4437042464341936,1.597396539293675

6.515649294361647,3.4238310163444323
6.4771097822904355,2.6682900385636765
6.398642289217971,1.8721475560073675
6.36035537906274,1.6127685729446202
5.613841330869517,1.5529521822680659
5.331912841232742,1.5871064058286617
4.6809544651992585,1.5732300087691355
3.971680454691542,1.5424900538465494
3.687843853521756,1.5577488966956856

6.515649294361647,3.4238310163444323
6.4771097822904355,2.6682900385636765
6.398642289217971,1.8721475560073675
6.36035537906274,1.6127685729446202
5.7238041157508155,1.5274787235601628

6.515649294361647,3.4238310163444323
6.642755749560151,2.6339930905350477
6.676204060062453,1.8626995080111635
6.6786844452108065,1.7023065977161378

6.515649294361647,3.4238310163444323
6.4771097822904355,2.6682900385636765
6.398642289217971,1.8721475560073675
6.36035537906274,1.6127685729446202
5.90165049951853,1.5119956751659795
5.181742512520539,1.8608975098652265
4.80391544430784,2.096606135704687
4.281613137314071,2.387745472905048
3.771704027365059,2.650827878127023
3.0948123264501346,2.8174640972268854
2.711334227015473,2.9037769254118504
2.11982213543482,3.0413852853542256
1.744404129597045,3.1032658884961846

6.515649294361647,3.4238310163444323
6.4771097822904355,2.6682900385636765
6.398642289217971,1.8721475560073675
6.36035537906274,1.6127685729446202
5.90165049951853,1.5119956751659795
5.181742512520539,1.8608975098652265
4.80391544430784,2.096606135704687
4.281613137314071,2.387745472905048
3.777351276050989,2.6958873097736644
3.533795235814858,2.865260071243164

6.515649294361647,3.4238310163444323
6.4771097822904355,2.6682900385636765
6.398642289217971,1.8721475560073675
6.36035537906274,1.6127685729446202
5.7238041157508155,1.5274787235601628
5.358161276412174,2.1643705534242796
5.286332524945561,2.259303207743147

6.515649294361647,3.4238310163444323
6.4771097822904355,2.6682900385636765
6.398642289217971,1.8721475560073675
6.36035537906274,1.6127685729446202
5.7238041157508155,1.5274787235601628
5.358161276412174,2.1643705534242796
5.175053367769063,2.8785409314518695
5.10158846982453,3.355771032422429
4.96519096492133,4.004237731708187
4.857164847578979,4.5462143209693195
4.65113149471102,5.31470422699516
4.416682834534443,6.079579266293351
4.32430801582422,6.308682984057127
3.978804331443195,6.512593927173826
3.720469599560094,6.524587153519364
3.1729742188532093,6.56572986395034
2.7693950378677865,6.549252975003184
2.1709707583530458,6.4019390331607005
1.9560424691102223,6.413573396325954
1.6024229308214974,6.304885052397403
1.3748438311343274,5.888083311586085
1.2246860374433377,5.586195386246361

6.515649294361647,3.4238310163444323
6.4771097822904355,2.6682900385636765
6.398642289217971,1.8721475560073675
6.36035537906274,1.6127685729446202
5.7238041157508155,1.5274787235601628
5.358161276412174,2.1643705534242796
5.175053367769063,2.8785409314518695
5.10158846982453,3.355771032422429
4.96519096492133,4.004237731708187
4.857164847578979,4.5462143209693195
4.65113149471102,5.31470422699516
4.416682834534443,6.079579266293351
4.32430801582422,6.308682984057127
3.978804331443195,6.512593927173826
3.720469599560094,6.524587153519364
3.1729742188532093,6.56572986395034
2.7693950378677865,6.549252975003184
2.1709707583530458,6.4019390331607005
1.9560424691102223,6.413573396325954
1.6024229308214974,6.304885052397403
1.532053168701725,6.059878168248457
1.6992636045669305,5.402551660504996
2.2839750795792315,5.597247138943724

6.515649294361647,3.4238310163444323
6.4771097822904355,2.6682900385636765
6.398642289217971,1.8721475560073675
6.36035537906274,1.6127685729446202
5.613841330869517,1.5529521822680659
5.594904640131386,2.3527280269544932
5.455791992254337,3.0465107288563504
5.5064394035021955,3.8267796091212425
5.540107536756652,4.259707840508262

6.515649294361647,3.4238310163444323
6.4771097822904355,2.6682900385636765
6.398642289217971,1.8721475560073675
6.36035537906274,1.6127685729446202
5.613841330869517,1.5529521822680659
5.594904640131386,2.3527280269544932
5.455791992254337,3.0465107288563504
5.5064394035021955,3.8267796091212425
5.622670868904164,4.313834176992076
6.283801935634445,4.617674492300259

6.515649294361647,3.4238310163444323
6.4771097822904355,2.6682900385636765
6.398642289217971,1.8721475560073675
6.36035537906274,1.6127685729446202
5.7238041157508155,1.5274787235601628
5.358161276412174,2.1643705534242796
5.175053367769063,2.8785409314518695
5.10158846982453,3.355771032422429
4.96519096492133,4.004237731708187
4.857164847578979,4.5462143209693195
4.65113149471102,5.31470422699516
4.416682834534443,6.079579266293351
4.32430801582422,6.308682984057127
3.978804331443195,6.512593927173826
3.720469599560094,6.524587153519364
2.945350937053645,6.6701025969335035
2.1987166668052285,6.761287427042241
1.7494909149844138,6.829761813023111

6.515649294361647,3.4238310163444323
6.4771097822904355,2.6682900385636765
6.398642289217971,1.8721475560073675
6.36035537906274,1.6127685729446202
5.7238041157508155,1.5274787235601628
5.358161276412174,2.1643705534242796
5.175053367769063,2.8785409314518695
5.10158846982453,3.355771032422429
4.96519096492133,4.004237731708187
4.857164847578979,4.5462143209693195
4.65113149471102,5.31470422699516
4.416682834534443,6.079579266293351
4.32430801582422,6.308682984057127
3.978804331443195,6.512593927173826
3.720469599560094,6.524587153519364

6.515649294361647,3.4238310163444323
6.4771097822904355,2.6682900385636765
6.398642289217971,1.8721475560073675
6.36035537906274,1.6127685729446202
5.7238041157508155,1.5274787235601628
5.358161276412174,2.1643705534242796
5.324470393080244,2.663984786815317
5.306581964026855,3.0521461449032548
5.256213292306373,3.6027020904187914
5.225883953602332,4.044566313368775
5.185349640707739,4.501729130815715
5.1493568585321485,4.971940143324342
5.141525676616112,5.512390783544034
5.077585309991766,6.307234515917234

6.515649294361647,3.4238310163444323
6.4771097822904355,2.6682900385636765
6.398642289217971,1.8721475560073675
6.36035537906274,1.6127685729446202
5.613841330869517,1.5529521822680659
5.594904640131386,2.3527280269544932
5.455791992254337,3.0465107288563504
5.5064394035021955,3.8267796091212425
5.622670868904164,4.313834176992076
5.844360290407197,4.872237794021177
6.123549606148378,5.401459661140732
6.4782880669958525,5.875970571424648
6.578148502178647,6.294428023616763

7.462292004088353,2.184105041179274
6.7456440453121616,1.8285551808475358
6.027520901672779,1.475994334227423
5.350458807188674,1.852688572760472
5.077357233700524,1.95175784899925
4.3482624329496,2.2741858306758176
3.953425415583038,2.5715633948978778
3.1711855930390724,2.5775436260145383
2.7817025561919118,2.511533097082067
1.98340733955804,2.4593339869413784
1.8709307206071237,2.4904618433618086
1.496531763873934,2.0964734899964323
1.5751302220666752,1.7491287840010021

7.462292004088353,2.184105041179274
6.7456440453121616,1.8285551808475358
6.027520901672779,1.475994334227423
5.648003158974234,1.3985678828244354
5.227195308781233,1.2559053851609687
4.566717976736579,1.2279310090204079
4.182183433152422,1.1616371473383489
3.5628333111272266,1.0772205275737508

7.462292004088353,2.184105041179274
6.7456440453121616,1.8285551808475358
6.027520901672779,1.475994334227423
5.648003158974234,1.3985678828244354

7.462292004088353,2.184105041179274
7.086347905518343,1.7292029062870817

7.462292004088353,2.184105041179274
6.7456440453121616,1.8285551808475358
6.027520901672779,1.475994334227423
5.350458807188674,1.852688572760472
5.077357233700524,1.95175784899925
4.3482624329496,2.2741858306758176
3.953425415583038,2.5715633948978778
3.1711855930390724,2.5775436260145383
2.742223713613461,2.6456327721964117
2.2236113000851185,2.6426644534634174
1.6371300088843772,2.6622718928929787

7.462292004088353,2.184105041179274
6.7456440453121616,1.8285551808475358
6.027520901672779,1.475994334227423
5.350458807188674,1.852688572760472
4.857163396060012,2.2013425576692587
4.480759130444348,2.467545492267075
3.723304059330742,2.4057331428430144

7.462292004088353,2.184105041179274
6.7456440453121616,1.8285551808475358
6.027520901672779,1.475994334227423
5.612496748299259,1.7446697261180981
5.359211320275594,2.395552521273158

7.462292004088353,2.184105041179274
6.7456440453121616,1.8285551808475358
6.027520901672779,1.475994334227423
5.612496748299259,1.7446697261180981
5.471517240493276,2.5321497438828557
5.272266657646064,3.176616565737243
5.03696418867214,3.914746098846543
4.903590182515104,4.4973194294906635
4.7936371328743865,4.911281390452043
4.695639610516365,5.6954929204884515
4.570071799583598,6.260476556205866
4.057766389869016,6.428079143884992
3.291216715402474,6.439491526913752
2.4912172984012857,6.440457341471022
2.0270725365524216,6.420670765462391
1.534381532306423,6.447206714878929
1.603078022871168,5.723835577111204

7.462292004088353,2.184105041179274
6.7456440453121616,1.8285551808475358
6.027520901672779,1.475994334227423
5.612496748299259,1.7446697261180981
5.471517240493276,2.5321497438828557
5.272266657646064,3.176616565737243
5.03696418867214,3.914746098846543
4.903590182515104,4.4973194294906635
4.7936371328743865,4.911281390452043
4.695639610516365,5.6954929204884515
4.570071799583598,6.260476556205866
4.057766389869016,6.428079143884992
3.291216715402474,6.439491526913752
2.4912172984012857,6.440457341471022
2.0270725365524216,6.420670765462391
1.534381532306423,6.447206714878929
1.603078022871168,5.723835577111204
1.7476720472344272,5.633250995238489
2.364708001380479,5.574493532854007

7.462292004088353,2.184105041179274
6.7456440453121616,1.8285551808475358
6.027520901672779,1.475994334227423
5.612496748299259,1.7446697261180981
5.581732097327242,2.2363238031291495
5.522332149958002,2.945605157783035
5.516668073514516,3.7455851064305263
5.505442889752166,4.329087255967048

7.462292004088353,2.184105041179274
6.7456440453121616,1.8285551808475358
6.027520901672779,1.475994334227423
5.612496748299259,1.7446697261180981
5.581732097327242,2.2363238031291495
5.522332149958002,2.945605157783035
5.516668073514516,3.7455851064305263
5.505442889752166,4.329087255967048
6.036103173246088,4.807234379640612
6.2504416810400745,4.99540488919941

7.462292004088353,2.184105041179274
6.7456440453121616,1.8285551808475358
6.027520901672779,1.475994334227423
5.612496748299259,1.7446697261180981
5.471517240493276,2.5321497438828557
5.272266657646064,3.176616565737243
5.03696418867214,3.914746098846543
4.903590182515104,4.4973194294906635
4.7936371328743865,4.911281390452043
4.695639610516365,5.6954929204884515
4.570071799583598,6.260476556205866
4.057766389869016,6.428079143884992
3.291216715402474,6.439491526913752
2.4912172984012857,6.440457341471022
2.1752115602835556,6.49590317810886
1.6264230901445964,6.580131999690699

7.462292004088353,2.184105041179274
6.7456440453121616,1.8285551808475358
6.027520901672779,1.475994334227423
5.612496748299259,1.7446697261180981
5.471517240493276,2.5321497438828557
5.272266657646064,3.176616565737243
5.03696418867214,3.914746098846543
4.903590182515104,4.4973194294906635
4.7936371328743865,4.911281390452043
4.695639610516365,5.6954929204884515
4.570071799583598,6.260476556205866
4.057766389869016,6.428079143884992
3.5606567327176615,6.638790089087851

7.462292004088353,2.184105041179274
6.7456440453121616,1.8285551808475358
6.027520901672779,1.475994334227423
5.612496748299259,1.7446697261180981
5.581732097327242,2.2363238031291495
5.583141105862031,2.8424416626790086
5.577239215034059,3.165269246508612
5.587841078188738,3.7429185091838884
5.563653588037896,4.48332713846088
5.554889627335777,5.097333485370631
5.578542120910663,5.587529011266458
5.608477716320045,6.327654362509044

7.462292004088353,2.184105041179274
6.7456440453121616,1.8285551808475358
6.027520901672779,1.475994334227423
5.612496748299259,1.7446697261180981
5.581732097327242,2.2363238031291495
5.583141105862031,2.8424416626790086
5.577239215034059,3.165269246508612
5.587841078188738,3.7429185091838884
5.563653588037896,4.48332713846088
5.965300658340408,5.026562324092765
6.270627469555162,5.45471191395179
6.631988615732937,6.007216395119018
6.908794083285364,6.498907021455639

6.925741408749502,2.3765332460723565
6.534057227448855,1.7457252368804799
5.98030001397397,1.5137694074719272
5.414038468934617,1.8605312503392002
4.718289322065363,2.203063967601407
4.447146516103684,2.33790956399558
3.792528667938436,2.470999914412127
3.157216774108247,2.4738817756116704
2.5044090026382344,2.471137721860526
1.718361195742538,2.429361176216676
1.3447091253907892,1.746021506269324

6.925741408749502,2.3765332460723565
6.534057227448855,1.7457252368804799
5.98030001397397,1.5137694074719272
5.700092204280936,1.4741076844761423
5.122873368555609,1.3705189670444309
4.466750495051638,1.2438651623814712
3.7320232684383665,1.2677522755074933

6.925741408749502,2.3765332460723565
6.534057227448855,1.7457252368804799
5.98030001397397,1.5137694074719272
5.700092204280936,1.4741076844761423

6.925741408749502,2.3765332460723565
6.983309025249626,1.6540969281243838

6.925741408749502,2.3765332460723565
6.534057227448855,1.7457252368804799
5.98030001397397,1.5137694074719272
5.414038468934617,1.8605312503392002
4.718289322065363,2.203063967601407
4.447146516103684,2.33790956399558
3.792528667938436,2.470999914412127
3.157216774108247,2.4738817756116704
2.5044090026382344,2.471137721860526
1.718361195742538,2.429361176216676

6.925741408749502,2.3765332460723565
6.534057227448855,1.7457252368804799
5.98030001397397,1.5137694074719272
5.414038468934617,1.8605312503392002
4.718289322065363,2.203063967601407
4.447146516103684,2.33790956399558
3.740293514051867,2.712554507228948

6.925741408749502,2.3765332460723565
6.534057227448855,1.7457252368804799
5.98030001397397,1.5137694074719272
5.414038468934617,1.8605312503392002
5.246032177653623,2.2956993783774418

6.925741408749502,2.3765332460723565
6.534057227448855,1.7457252368804799
5.98030001397397,1.5137694074719272
5.414038468934617,1.8605312503392002
5.227832002574547,2.5126384145433716
5.151421623126234,3.186233281023377
5.08126029652904,3.8315792290538004
4.992897640175732,4.35049404362017
4.74889624177682,5.064401113454545
4.559574618940606,5.841676690792893
4.391377475195332,6.484618681081112
3.78737211311598,6.41368644695804
3.0949016892314716,6.418616668373296
2.2950915904787688,6.4011866387350125
1.625721722465292,6.52015541600377
1.5080045702826435,5.735419274008107

6.925741408749502,2.3765332460723565
6.534057227448855,1.7457252368804799
5.98030001397397,1.5137694074719272
5.414038468934617,1.8605312503392002
5.227832002574547,2.5126384145433716
5.151421623126234,3.186233281023377
5.08126029652904,3.8315792290538004
4.992897640175732,4.35049404362017
4.74889624177682,5.064401113454545
4.559574618940606,5.841676690792893
4.391377475195332,6.484618681081112
3.78737211311598,6.41368644695804
3.0949016892314716,6.418616668373296
2.2950915904787688,6.4011866387350125
1.625721722465292,6.52015541600377
1.5825167436123868,5.721322936817852
1.9107442103948689,5.521940176850902
2.437578000032716,5.57765097018533

6.925741408749502,2.3765332460723565
6.534057227448855,1.7457252368804799
5.98030001397397,1.5137694074719272
5.414038468934617,1.8605312503392002
5.227832002574547,2.5126384145433716
5.151421623126234,3.186233281023377
5.08126029652904,3.8315792290538004
5.064678410080707,4.350158237968176

6.925741408749502,2.3765332460723565
6.534057227448855,1.7457252368804799
5.98030001397397,1.5137694074719272
5.414038468934617,1.8605312503392002
5.488159770250167,1.9855795014624928
5.445652305986446,2.7436523253678704
5.5309469486535505,3.5142802947190486
5.523829855298392,4.055712992332434
5.84631827806736,4.520566913726796
6.258416647528609,5.07414494568908

6.925741408749502,2.3765332460723565
6.534057227448855,1.7457252368804799
5.98030001397397,1.5137694074719272
5.414038468934617,1.8605312503392002
5.227832002574547,2.5126384145433716
5.151421623126234,3.186233281023377
5.08126029652904,3.8315792290538004
4.992897640175732,4.35049404362017
4.74889624177682,5.064401113454545
4.559574618940606,5.841676690792893
4.391377475195332,6.484618681081112
3.78737211311598,6.41368644695804
3.0949016892314716,6.418616668373296
2.2950915904787688,6.4011866387350125
1.7243420693632152,6.552479204588421

6.925741408749502,2.3765332460723565
6.534057227448855,1.7457252368804799
5.98030001397397,1.5137694074719272
5.414038468934617,1.8605312503392002
5.227832002574547,2.5126384145433716
5.151421623126234,3.186233281023377
5.08126029652904,3.8315792290538004
4.992897640175732,4.35049404362017
4.74889624177682,5.064401113454545
4.559574618940606,5.841676690792893
4.391377475195332,6.484618681081112
3.7272162739469943,6.908696525086502

6.925741408749502,2.3765332460723565
6.534057227448855,1.7457252368804799
5.98030001397397,1.5137694074719272
5.414038468934617,1.8605312503392002
5.227832002574547,2.5126384145433716
5.151421623126234,3.186233281023377
5.08126029652904,3.8315792290538004
5.064678410080707,4.350158237968176
5.002777560321707,4.920532876460611
4.955720979979461,5.495311016376851
4.695396002410494,6.2517704707124535

6.925741408749502,2.3765332460723565
6.534057227448855,1.7457252368804799
5.98030001397397,1.5137694074719272
5.414038468934617,1.8605312503392002
5.488159770250167,1.9855795014624928
5.445652305986446,2.7436523253678704
5.5309469486535505,3.5142802947190486
5.523829855298392,4.055712992332434
5.842453754460406,4.532787463433237
6.0712471632116864,4.976026313700649
6.224606967062844,5.262154262383368
6.474364052310888,5.7661126978529875
6.651168828461215,6.2532318862076455

7.483928108405946,2.244213767963357
6.802495644857193,1.825107817609658
6.0883511672393045,1.464555928018335
5.5755750736462435,1.662117747347445
5.094236436067995,2.046319575520641
4.626557926007864,2.1864759057441394
4.211029119767572,2.385011106136415
3.522450237226164,2.5800740792340724
2.7324133859092252,2.4947999670690977
2.2325128442067492,2.408272840915728
1.5885140826528141,2.4259859902905636
1.4054080177134898,1.7469939125177287

7.483928108405946,2.244213767963357
6.802495644857193,1.825107817609658
6.335029063961924,1.6755484879074114
5.781671892580285,1.4499540024955317
5.009104425308841,1.2508621343309168
4.614475504671511,1.1446465166578281
3.997399587560893,0.9917468582594969
3.5617098620050465,0.8909538838579238

7.483928108405946,2.244213767963357
6.802495644857193,1.825107817609658
6.335029063961924,1.6755484879074114
5.645998950092797,1.3832614881548362

7.483928108405946,2.244213767963357
7.2834777386762,1.5936318398180833

7.483928108405946,2.244213767963357
6.802495644857193,1.825107817609658
6.0883511672393045,1.464555928018335
5.5755750736462435,1.662117747347445
5.094236436067995,2.046319575520641
4.626557926007864,2.1864759057441394
4.211029119767572,2.385011106136415
3.522450237226164,2.5800740792340724
2.859346040947528,2.6799187609014217
2.4412103606889417,2.759821888209029
1.6888414013047943,2.8819258143095894

7.483928108405946,2.244213767963357
6.802495644857193,1.825107817609658
6.0883511672393045,1.464555928018335
5.5755750736462435,1.662117747347445
5.094236436067995,2.046319575520641
4.626557926007864,2.1864759057441394
4.211029119767572,2.385011106136415
3.6790625161965105,2.4393556236522786

7.483928108405946,2.244213767963357
6.802495644857193,1.825107817609658
6.0883511672393045,1.464555928018335
5.5755750736462435,1.662117747347445
5.564103888564176,2.359646049169414

7.483928108405946,2.244213767963357
6.802495644857193,1.825107817609658
6.0883511672393045,1.464555928018335
5.5755750736462435,1.662117747347445
5.391081232646012,2.4220690160149467
5.217270855542275,3.1781104147653787
5.131550653065707,3.3698293772619636
4.983337883420813,4.150723103900138
4.809968196180844,4.918834972438728
4.617972899513908,5.3945837074391285
4.54038938738854,6.0298009865522815
4.521210473655169,6.226464990164495
4.18622075656852,6.404434504518622
3.8384941710291365,6.465179044729699
3.1806469544571128,6.502693086335737
2.55698248165647,6.502971411130145
1.9837751816587539,6.485978610148129
1.6533767103604329,6.31158299187848
1.4886752673923471,5.718127430124029

7.483928108405946,2.244213767963357
6.802495644857193,1.825107817609658
6.0883511672393045,1.464555928018335
5.5755750736462435,1.662117747347445
5.391081232646012,2.4220690160149467
5.217270855542275,3.1781104147653787
5.131550653065707,3.3698293772619636
4.983337883420813,4.150723103900138
4.809968196180844,4.918834972438728
4.617972899513908,5.3945837074391285
4.54038938738854,6.0298009865522815
4.521210473655169,6.226464990164495
4.18622075656852,6.404434504518622
3.8384941710291365,6.465179044729699
3.1806469544571128,6.502693086335737
2.55698248165647,6.502971411130145
1.9837751816587539,6.485978610148129
1.6533767103604329,6.31158299187848
1.4886752673923471,5.718127430124029
2.218378004769025,5.470090067562652
2.4712853792882052,5.394886429966011

7.483928108405946,2.244213767963357
6.802495644857193,1.825107817609658
6.0883511672393045,1.464555928018335
5.5755750736462435,1.662117747347445
5.564103888564176,2.359646049169414
5.616896053074262,3.1579022657855704
5.57280933426514,3.5495616477638876
5.548488603352526,4.273655406833027

7.483928108405946,2.244213767963357
6.802495644857193,1.825107817609658
6.0883511672393045,1.464555928018335
5.5755750736462435,1.662117747347445
5.564103888564176,2.359646049169414
5.616896053074262,3.1579022657855704
5.57280933426514,3.5495616477638876
5.548488603352526,4.273655406833027
6.197324229022802,4.636865527867612
6.328244955654377,4.427818030302898

7.483928108405946,2.244213767963357
6.802495644857193,1.825107817609658
6.0883511672393045,1.464555928018335
5.5755750736462435,1.662117747347445
5.391081232646012,2.4220690160149467
5.217270855542275,3.1781104147653787
5.131550653065707,3.3698293772619636
4.983337883420813,4.150723103900138
4.809968196180844,4.918834972438728
4.617972899513908,5.3945837074391285
4.452012174404774,6.117079550801949
4.086700089473753,6.578539453936481
3.3956963972629683,6.774381684078412
2.648841146134834,6.894857447700403
2.309552095256939,6.908879180576206
1.7346591026942428,6.948031919646507

7.483928108405946,2.244213767963357
6.802495644857193,1.825107817609658
6.0883511672393045,1.464555928018335
5.5755750736462435,1.662117747347445
5.391081232646012,2.4220690160149467
5.217270855542275,3.1781104147653787
5.131550653065707,3.3698293772619636
4.983337883420813,4.150723103900138
4.809968196180844,4.918834972438728
4.617972899513908,5.3945837074391285
4.452012174404774,6.117079550801949
4.086700089473753,6.578539453936481
3.521908106949496,6.611471069226117

7.483928108405946,2.244213767963357
6.802495644857193,1.825107817609658
6.0883511672393045,1.464555928018335
5.5755750736462435,1.662117747347445
5.564103888564176,2.359646049169414
5.505081463292721,3.1574657990597483
5.505306204602315,3.4319868018083475
5.490033667379727,3.9805286477237662
5.477325303104902,4.530808119149912
5.480272828062901,5.251738072221017
5.453877351531185,5.635976277167983
5.412555692725423,6.259489979918826

7.483928108405946,2.244213767963357
6.802495644857193,1.825107817609658
6.0883511672393045,1.464555928018335
5.5755750736462435,1.662117747347445
5.564103888564176,2.359646049169414
5.505081463292721,3.1574657990597483
5.505306204602315,3.4319868018083475
5.490033667379727,3.9805286477237662
5.842401532294787,4.698746503095799
6.1176397863367615,5.119599309452209
6.496213312976653,5.719459466774286
6.821790895512822,6.275449987641287

7.221409795989106,2.2410123659752204
6.855373070142184,1.957613995355467
6.350290131837324,1.5599736161257123
6.068577920841425,1.5758000596884267
5.682176361554949,1.6534495141307366
5.334715320517391,1.9568284579319508
5.008510455643124,2.238178553861956
4.6922891355365905,2.466380630718661
3.893290125918405,2.5063879129202538
3.2518994306093516,2.6210717284148854
2.4519002511577646,2.622217536770355
1.6704818170186129,2.4507963280839267
1.515507124739211,1.678206422007229

7.221409795989106,2.2410123659752204
6.855373070142184,1.957613995355467
6.350290131837324,1.5599736161257123
6.068215689297181,1.5370832321497652
5.455110419104127,1.514306167564307
4.756130990860139,1.445820396674868
4.156243212288498,1.4293391559455166
3.7362922969412535,1.4149618017781163

7.221409795989106,2.2410123659752204
6.855373070142184,1.957613995355467
6.350290131837324,1.5599736161257123
5.734863673805653,1.4869380843771083

7.221409795989106,2.2410123659752204
7.340473948513986,1.729417266767772

7.221409795989106,2.2410123659752204
6.855373070142184,1.957613995355467
6.350290131837324,1.5599736161257123
6.068577920841425,1.5758000596884267
5.682176361554949,1.6534495141307366
5.334715320517391,1.9568284579319508
5.008510455643124,2.238178553861956
4.6922891355365905,2.466380630718661
3.893290125918405,2.5063879129202538
3.2518994306093516,2.6210717284148854
2.4519002511577646,2.622217536770355
1.67481572392514,2.467943190427275

7.221409795989106,2.2410123659752204
6.855373070142184,1.957613995355467
6.350290131837324,1.5599736161257123
6.068577920841425,1.5758000596884267
5.682176361554949,1.6534495141307366
5.44137774730155,1.7807182592251278
4.816184744973572,2.271820387100442
4.295269814154135,2.632423800370176
3.669134364936107,2.628867215899697

7.221409795989106,2.2410123659752204
6.855373070142184,1.957613995355467
6.350290131837324,1.5599736161257123
6.068577920841425,1.5758000596884267
5.682176361554949,1.6534495141307366
5.256943873328203,2.3295333340034805

7.221409795989106,2.2410123659752204
6.855373070142184,1.957613995355467
6.350290131837324,1.5599736161257123
6.068577920841425,1.5758000596884267
5.682176361554949,1.6534495141307366
5.530673025319534,1.8586979775793107
5.340401032093583,2.4721354066010437
5.243641130703527,2.9216470826869614
5.033165753852284,3.4657348468525417
4.8761320087803055,3.9623733334829794
4.728557256443571,4.502690454725999
4.645670748458904,4.749448356558302
4.490617392761829,5.5342785655124915
4.355368055257713,6.295794964414354
3.9929715718325802,6.503834034108264
3.3144286916033483,6.523331318316379
2.5650265586204033,6.4847405982592345
1.7875981815651132,6.4752979051878246
1.6038237776128277,6.161640193581729
1.3985534069271892,5.479353544287996

7.221409795989106,2.2410123659752204
6.855373070142184,1.957613995355467
6.350290131837324,1.5599736161257123
6.068577920841425,1.5758000596884267
5.682176361554949,1.6534495141307366
5.530673025319534,1.8586979775793107
5.340401032093583,2.4721354066010437
5.243641130703527,2.9216470826869614
5.033165753852284,3.4657348468525417
4.8761320087803055,3.9623733334829794
4.728557256443571,4.502690454725999
4.645670748458904,4.749448356558302
4.490617392761829,5.5342785655124915
4.355368055257713,6.295794964414354
3.9929715718325802,6.503834034108264
3.3144286916033483,6.523331318316379
2.5650265586204033,6.4847405982592345
1.7875981815651132,6.4752979051878246
1.6038237776128277,6.161640193581729
1.5023284021367935,5.85745537235085
2.0625114172158985,5.356929778606247
2.346113182430436,5.271176914055396

7.221409795989106,2.2410123659752204
6.855373070142184,1.957613995355467
6.350290131837324,1.5599736161257123
6.068577920841425,1.5758000596884267
5.682176361554949,1.6534495141307366
5.530673025319534,1.8586979775793107
5.516574456014591,2.4575443725899473
5.526263514429037,3.2574856967800665
5.62348373707602,3.9114023253622774
5.596117384714871,4.345752132834114

7.221409795989106,2.2410123659752204
6.855373070142184,1.957613995355467
6.350290131837324,1.5599736161257123
6.068577920841425,1.5758000596884267
5.682176361554949,1.6534495141307366
5.530673025319534,1.8586979775793107
5.516574456014591,2.4575443725899473
5.526263514429037,3.2574856967800665
5.62348373707602,3.9114023253622774
5.596117384714871,4.345752132834114
6.1208525273311185,4.572588226078034
6.372029341508342,4.694931288972276

7.221409795989106,2.2410123659752204
6.855373070142184,1.957613995355467
6.350290131837324,1.5599736161257123
6.068577920841425,1.5758000596884267
5.682176361554949,1.6534495141307366
5.530673025319534,1.8586979775793107
5.340401032093583,2.4721354066010437
5.243641130703527,2.9216470826869614
5.033165753852284,3.4657348468525417
4.8761320087803055,3.9623733334829794
4.728557256443571,4.502690454725999
4.645670748458904,4.749448356558302
4.490617392761829,5.5342785655124915
4.355368055257713,6.295794964414354
3.9929715718325802,6.503834034108264
3.3144286916033483,6.523331318316379
2.5650265586204033,6.4847405982592345
2.302963555548771,6.451235196447733
1.7274629043924332,6.547505751393939

7.221409795989106,2.2410123659752204
6.855373070142184,1.957613995355467
6.350290131837324,1.5599736161257123
6.068577920841425,1.5758000596884267
5.682176361554949,1.6534495141307366
5.530673025319534,1.8586979775793107
5.340401032093583,2.4721354066010437
5.243641130703527,2.9216470826869614
5.033165753852284,3.4657348468525417
4.8761320087803055,3.9623733334829794
4.728557256443571,4.502690454725999
4.645670748458904,4.749448356558302
4.490617392761829,5.5342785655124915
4.355368055257713,6.295794964414354
3.9929715718325802,6.503834034108264
3.4612722201752515,6.604645641913545

7.221409795989106,2.2410123659752204
6.855373070142184,1.957613995355467
6.350290131837324,1.5599736161257123
6.068577920841425,1.5758000596884267
5.682176361554949,1.6534495141307366
5.530673025319534,1.8586979775793107
5.516574456014591,2.4575443725899473
5.526263514429037,3.2574856967800665
5.465979038409385,3.6901299092985793
5.385970011329545,4.486118951676511
5.323605762160078,5.174188414944592
5.251016733543743,5.751482505434309
5.193498408887346,6.262777945289518

7.221409795989106,2.2410123659752204
6.855373070142184,1.957613995355467
6.350290131837324,1.5599736161257123
6.068577920841425,1.5758000596884267
5.682176361554949,1.6534495141307366
5.530673025319534,1.8586979775793107
5.516574456014591,2.4575443725899473
5.526263514429037,3.2574856967800665
5.62348373707602,3.9114023253622774
5.596117384714871,4.345752132834114
5.6677104824226365,4.462896059375686
6.105129253015347,5.132720528272697
6.401021365913741,5.709649148758537
6.3969979861085395,6.383150902757533

6.3857021464218615,2.600572216249413
6.422815291772952,1.8014335459035533
6.281134814274984,1.677743797716976
6.216330744372724,1.6351642695742368
5.8579515565544025,1.572352937955408
5.27246273182743,1.8627863696872196
4.5548287513592856,2.2163418392778444
4.2887526748388405,2.551485040421391
3.4888269820495315,2.5405815540273924
2.6912714855786564,2.478089714167327
1.8937667320474287,2.5412258218640806
1.419303390476493,2.0761105466921355
1.302729030632738,1.7208733164994356

6.3857021464218615,2.600572216249413
6.422815291772952,1.8014335459035533
6.281134814274984,1.677743797716976
6.216330744372724,1.6351642695742368
5.8579515565544025,1.572352937955408
5.69225330645512,1.6085247075059512
5.006985819217981,1.599891800128968
4.280129219419646,1.4454059030006094
3.7045252647495666,1.3919434081328481

6.3857021464218615,2.600572216249413
6.422815291772952,1.8014335459035533
6.281134814274984,1.677743797716976
6.216330744372724,1.6351642695742368
5.8579515565544025,1.572352937955408
5.69225330645512,1.6085247075059512

6.3857021464218615,2.600572216249413
6.422815291772952,1.8014335459035533
6.281134814274984,1.677743797716976

6.3857021464218615,2.600572216249413
6.422815291772952,1.8014335459035533
6.281134814274984,1.677743797716976
6.216330744372724,1.6351642695742368
5.8579515565544025,1.572352937955408
5.27246273182743,1.8627863696872196
4.5548287513592856,2.2163418392778444
4.2887526748388405,2.551485040421391
3.4888269820495315,2.5405815540273924
2.6912714855786564,2.478089714167327
2.4626702397596523,2.599936234288514
1.7206765619708326,2.7710189561657175

6.3857021464218615,2.600572216249413
6.422815291772952,1.8014335459035533
6.281134814274984,1.677743797716976
6.216330744372724,1.6351642695742368
5.8579515565544025,1.572352937955408
5.27246273182743,1.8627863696872196
4.5548287513592856,2.2163418392778444
4.047290712581355,2.645033976839626
3.749399519874026,2.9520961312060474

6.3857021464218615,2.600572216249413
6.422815291772952,1.8014335459035533
6.281134814274984,1.677743797716976
6.216330744372724,1.6351642695742368
5.8579515565544025,1.572352937955408
5.69225330645512,1.6085247075059512
5.397290762574462,2.2982198399437057

6.3857021464218615,2.600572216249413
6.422815291772952,1.8014335459035533
6.281134814274984,1.677743797716976
6.216330744372724,1.6351642695742368
5.8579515565544025,1.572352937955408
5.69225330645512,1.6085247075059512
5.397290762574462,2.2982198399437057
5.250822334989883,2.7681130610658204
5.1549889332455745,3.401371710765728
5.019556666582644,3.9704420037645383
4.938175153081615,4.34489459520966
4.799985955064735,4.823429219791796
4.665056310393169,5.586919439841532
4.478453821938303,6.108677041000806
4.242005794760465,6.5193801598587235
3.4420463539217354,6.511324539895812
2.6551189585077495,6.452665878476612
2.31477814649955,6.43613253616368
1.5156920261081699,6.39790463800209
1.3620661603415283,5.839772061841124
1.2883362265459475,5.598812405411284

6.3857021464218615,2.600572216249413
6.422815291772952,1.8014335459035533
6.281134814274984,1.677743797716976
6.216330744372724,1.6351642695742368
5.8579515565544025,1.572352937955408
5.69225330645512,1.6085247075059512
5.397290762574462,2.2982198399437057
5.250822334989883,2.7681130610658204
5.1549889332455745,3.401371710765728
5.019556666582644,3.9704420037645383
4.938175153081615,4.34489459520966
4.799985955064735,4.823429219791796
4.665056310393169,5.586919439841532
4.478453821938303,6.108677041000806
4.242005794760465,6.5193801598587235
3.4420463539217354,6.511324539895812
2.6551189585077495,6.452665878476612
2.31477814649955,6.43613253616368
1.5156920261081699,6.39790463800209
1.546438360095633,5.919439006416945
1.680992302706256,5.4949945940423
2.316866483775258,5.461584726066963

6.3857021464218615,2.600572216249413
6.422815291772952,1.8014335459035533
6.281134814274984,1.677743797716976
6.216330744372724,1.6351642695742368
5.8579515565544025,1.572352937955408
5.69225330645512,1.6085247075059512
5.397290762574462,2.2982198399437057
5.324144827160689,3.0051463362611286
5.268386748468099,3.5227723539854896
5.191710143967376,4.2970787740921335

6.3857021464218615,2.600572216249413
6.422815291772952,1.8014335459035533
6.281134814274984,1.677743797716976
6.216330744372724,1.6351642695742368
5.8579515565544025,1.572352937955408
5.69225330645512,1.6085247075059512
5.397290762574462,2.2982198399437057
5.324144827160689,3.0051463362611286
5.3177373630646105,3.4579098736253098
5.455862833059752,4.142637450167333
5.687972709968319,4.408412838180984
6.328553378254908,4.565414887337979

6.3857021464218615,2.600572216249413
6.422815291772952,1.8014335459035533
6.281134814274984,1.677743797716976
6.216330744372724,1.6351642695742368
5.8579515565544025,1.572352937955408
5.69225330645512,1.6085247075059512
5.397290762574462,2.2982198399437057
5.250822334989883,2.7681130610658204
5.1549889332455745,3.401371710765728
5.019556666582644,3.9704420037645383
4.938175153081615,4.34489459520966
4.799985955064735,4.823429219791796
4.665056310393169,5.586919439841532
4.478453821938303,6.108677041000806
4.242005794760465,6.5193801598587235
3.4420463539217354,6.511324539895812
3.128070169777668,6.50804275299743
2.362674015551355,6.671232711453992
1.5640981462439196,6.623519181298762

6.3857021464218615,2.600572216249413
6.422815291772952,1.8014335459035533
6.281134814274984,1.677743797716976
6.216330744372724,1.6351642695742368
5.8579515565544025,1.572352937955408
5.69225330645512,1.6085247075059512
5.397290762574462,2.2982198399437057
5.250822334989883,2.7681130610658204
5.1549889332455745,3.401371710765728
5.019556666582644,3.9704420037645383
4.938175153081615,4.34489459520966
4.799985955064735,4.823429219791796
4.665056310393169,5.586919439841532
4.478453821938303,6.108677041000806
4.242005794760465,6.5193801598587235
3.7175980413489205,6.407570020419226

6.3857021464218615,2.600572216249413
6.422815291772952,1.8014335459035533
6.281134814274984,1.677743797716976
6.216330744372724,1.6351642695742368
5.8579515565544025,1.572352937955408
5.69225330645512,1.6085247075059512
5.397290762574462,2.2982198399437057
5.324144827160689,3.0051463362611286
5.3177373630646105,3.4579098736253098
5.353520806608861,4.2458487768005
5.394777435602983,4.5730471625589155
5.394067073114232,5.266980818819593
5.410465778198245,5.612659684012442
5.388544779409618,6.267152370223558

6.3857021464218615,2.600572216249413
6.422815291772952,1.8014335459035533
6.281134814274984,1.677743797716976
6.216330744372724,1.6351642695742368
5.8579515565544025,1.572352937955408
5.69225330645512,1.6085247075059512
5.397290762574462,2.2982198399437057
5.324144827160689,3.0051463362611286
5.3177373630646105,3.4579098736253098
5.455862833059752,4.142637450167333
5.68635463592685,4.453185591820226
6.088589040882507,5.120181784699335
6.205016439332381,5.519443554017104
6.532475226377251,6.036616103445493
6.692775112793021,6.280460965149895

7.205724371025275,2.104807777352481
6.475110699223097,1.7797340666946304
6.04409546164152,1.5465845552530468
5.754998532067363,1.6075655127728687
5.286923380365799,1.883009769284389
4.91195161585954,2.0916403009706324
4.389321624718494,2.372223723898333
3.7264685100009642,2.3987016217813046
2.981116042336294,2.49501872340535
2.2370794209903355,2.433197170404557
1.5816964379983207,2.445190611010513
1.5297593860164866,2.2238698276581337
1.4310811089883317,1.6323068477985885

7.205724371025275,2.104807777352481
6.475110699223097,1.7797340666946304
6.04409546164152,1.5465845552530468
5.485835380650606,1.3939858264799547
5.207747017281584,1.3866348448871864
4.566121578861256,1.2823729199221954
3.8419962945784856,1.2058682223453512
3.7414268502137986,1.2008041735327688

7.205724371025275,2.104807777352481
6.475110699223097,1.7797340666946304
6.0020779638194215,1.4955875049227452
5.723318159747704,1.2934727687429504

7.205724371025275,2.104807777352481
6.980197783053216,1.6980305284586277

7.205724371025275,2.104807777352481
6.475110699223097,1.7797340666946304
6.04409546164152,1.5465845552530468
5.754998532067363,1.6075655127728687
5.286923380365799,1.883009769284389
4.91195161585954,2.0916403009706324
4.389321624718494,2.372223723898333
3.7264685100009642,2.3987016217813046
2.981116042336294,2.49501872340535
2.322933255867776,2.5705195774651326
1.6844333103305393,2.63228330409127

7.205724371025275,2.104807777352481
6.475110699223097,1.7797340666946304
6.04409546164152,1.5465845552530468
5.754998532067363,1.6075655127728687
5.286923380365799,1.883009769284389
4.91195161585954,2.0916403009706324
4.389321624718494,2.372223723898333
3.7264685100009642,2.3987016217813046

7.205724371025275,2.104807777352481
6.475110699223097,1.7797340666946304
6.04409546164152,1.5465845552530468
5.587084038582863,1.662459439575652
5.361416454354,2.2631250302257397

7.205724371025275,2.104807777352481
6.475110699223097,1.7797340666946304
6.04409546164152,1.5465845552530468
5.587084038582863,1.662459439575652
5.531913279375516,2.241850118796555
5.38478966026881,2.68061476739757
5.369580742957312,3.2529202868846037
5.256603484077548,3.781887695267816
5.181555088540817,4.182429243085716
5.075607662229213,4.633374735547718
4.93438135392094,5.257318769364689
4.9060948285041945,5.434772953312704
4.696501206269872,6.056742060344664
4.071565706963195,6.5561973853801625
3.316750415177721,6.584414457391933
2.753484584014454,6.539680665699445
2.0596182428783454,6.541058854072244
1.8930768374015967,6.4721249218863495
1.3741550327020515,6.07930109243559
1.1841232281574874,5.726307140793161

7.205724371025275,2.104807777352481
6.475110699223097,1.7797340666946304
6.04409546164152,1.5465845552530468
5.587084038582863,1.662459439575652
5.531913279375516,2.241850118796555
5.38478966026881,2.68061476739757
5.369580742957312,3.2529202868846037
5.256603484077548,3.781887695267816
5.181555088540817,4.182429243085716
5.075607662229213,4.633374735547718
4.93438135392094,5.257318769364689
4.9060948285041945,5.434772953312704
4.696501206269872,6.056742060344664
4.071565706963195,6.5561973853801625
3.316750415177721,6.584414457391933
2.753484584014454,6.539680665699445
2.0596182428783454,6.541058854072244
1.8930768374015967,6.4721249218863495
1.3741550327020515,6.07930109243559
1.8462323135334047,5.507128150039419
2.4235302025182275,5.307702262136528

7.205724371025275,2.104807777352481
6.475110699223097,1.7797340666946304
6.04409546164152,1.5465845552530468
5.587084038582863,1.662459439575652
5.531913279375516,2.241850118796555
5.545149331562989,3.041740615628772
5.496438324931554,3.840256262208695
5.492716728971269,4.267585523197413

7.205724371025275,2.104807777352481
6.475110699223097,1.7797340666946304
6.04409546164152,1.5465845552530468
5.587084038582863,1.662459439575652
5.531913279375516,2.241850118796555
5.545149331562989,3.041740615628772
5.496438324931554,3.840256262208695
5.492716728971269,4.267585523197413
5.972683391902075,4.58223429500799
6.280268325116987,4.573253065760783

7.205724371025275,2.104807777352481
6.475110699223097,1.7797340666946304
6.04409546164152,1.5465845552530468
5.587084038582863,1.662459439575652
5.531913279375516,2.241850118796555
5.38478966026881,2.68061476739757
5.369580742957312,3.2529202868846037
5.256603484077548,3.781887695267816
5.181555088540817,4.182429243085716
5.075607662229213,4.633374735547718
4.93438135392094,5.257318769364689
4.9060948285041945,5.434772953312704
4.696501206269872,6.056742060344664
4.071565706963195,6.5561973853801625
3.316750415177721,6.584414457391933
2.753484584014454,6.539680665699445
2.0604833017043993,6.581967098855968
1.6961704360897176,6.60200128670834

7.205724371025275,2.104807777352481
6.475110699223097,1.7797340666946304
6.04409546164152,1.5465845552530468
5.587084038582863,1.662459439575652
5.531913279375516,2.241850118796555
5.38478966026881,2.68061476739757
5.369580742957312,3.2529202868846037
5.256603484077548,3.781887695267816
5.181555088540817,4.182429243085716
5.075607662229213,4.633374735547718
4.93438135392094,5.257318769364689
4.9060948285041945,5.434772953312704
4.696501206269872,6.056742060344664
4.071565706963195,6.5561973853801625
3.6942483315970014,6.428137923340776

7.205724371025275,2.104807777352481
6.475110699223097,1.7797340666946304
6.04409546164152,1.5465845552530468
5.587084038582863,1.662459439575652
5.531913279375516,2.241850118796555
5.545149331562989,3.041740615628772
5.498905832466605,3.5166964741889375
5.455555162461728,4.050471246948018
5.37763167585928,4.700182377539333
5.322507877129566,5.444830161998755
5.22792222343438,6.198536356454694
5.218696679423174,6.296249209412981

7.205724371025275,2.104807777352481
6.475110699223097,1.7797340666946304
6.04409546164152,1.5465845552530468
5.587084038582863,1.662459439575652
5.531913279375516,2.241850118796555
5.545149331562989,3.041740615628772
5.498905832466605,3.5166964741889375
5.455555162461728,4.050471246948018
5.809712194254704,4.668365823985237
6.23221095527317,5.286401407297889
6.454269048922483,6.045833405161668
6.451720647680631,6.275200111576639

6.864530815787742,3.002042350330763
6.63370172612823,2.236067199711005
6.406827618480631,1.597108467227978
5.607094430268184,1.6177682753479556
5.004800525845836,2.087413412726761
4.28812602334823,2.379134016013115
3.5305724698811805,2.3834234847146765
3.2340822063160557,2.4051356255402965
2.6586910382009483,2.4398996245205455
1.9238065530599728,2.39853070767721
1.6699915630037543,2.4119723150572856
1.2641335981743693,1.723221022305907

6.864530815787742,3.002042350330763
6.63370172612823,2.236067199711005
6.434980179170511,1.6929317987699202
5.682574571757724,1.421112369858383
4.899491158206203,1.257465287939708
4.272494159139735,1.1215669521112146
3.672912758904424,0.9540526723991472

6.864530815787742,3.002042350330763
6.63370172612823,2.236067199711005
6.434980179170511,1.6929317987699202
5.682574571757724,1.421112369858383

6.864530815787742,3.002042350330763
7.16189075056513,2.267100866632034
7.259077777775232,1.737163607795286

6.864530815787742,3.002042350330763
6.63370172612823,2.236067199711005
6.406827618480631,1.597108467227978
5.607094430268184,1.6177682753479556
5.004800525845836,2.087413412726761
4.28812602334823,2.379134016013115
3.5305724698811805,2.3834234847146765
3.2340822063160557,2.4051356255402965
2.6586910382009483,2.4398996245205455
1.9238065530599728,2.39853070767721
1.6699915630037543,2.4119723150572856

6.864530815787742,3.002042350330763
6.63370172612823,2.236067199711005
6.406827618480631,1.597108467227978
5.607094430268184,1.6177682753479556
5.004800525845836,2.087413412726761
4.28812602334823,2.379134016013115
3.5305724698811805,2.3834234847146765

6.864530815787742,3.002042350330763
6.63370172612823,2.236067199711005
6.406827618480631,1.597108467227978
5.607094430268184,1.6177682753479556
5.564215495949632,2.3926286742459517

6.864530815787742,3.002042350330763
6.63370172612823,2.236067199711005
6.406827618480631,1.597108467227978
5.607094430268184,1.6177682753479556
5.289059252581843,2.351834774892798
5.06399149286368,3.0782329943575872
4.924377736399214,3.837235347338603
4.765259229342529,4.503318413764433
4.677608818797278,4.979855128079432
4.568771946953002,5.504176935005658
4.359260859726671,6.251552641419525
4.144646074414987,6.476365486340376
3.3553599777056418,6.428599375491306
2.817015095270532,6.569725469568974
2.269891737311962,6.556338545100178
1.5631663785582484,6.367623787576966
1.4355170194661184,6.249373197053842
1.6733348774531867,5.705885000051173

6.864530815787742,3.002042350330763
6.63370172612823,2.236067199711005
6.406827618480631,1.597108467227978
5.607094430268184,1.6177682753479556
5.289059252581843,2.351834774892798
5.06399149286368,3.0782329943575872
4.924377736399214,3.837235347338603
4.765259229342529,4.503318413764433
4.677608818797278,4.979855128079432
4.568771946953002,5.504176935005658
4.359260859726671,6.251552641419525
4.144646074414987,6.476365486340376
3.3553599777056418,6.428599375491306
2.817015095270532,6.569725469568974
2.269891737311962,6.556338545100178
1.5631663785582484,6.367623787576966
1.4355170194661184,6.249373197053842
1.6733348774531867,5.705885000051173
2.0170465523083525,5.151231012003019
2.3272773805203633,4.764505725826457

6.864530815787742,3.002042350330763
6.63370172612823,2.236067199711005
6.406827618480631,1.597108467227978
5.607094430268184,1.6177682753479556
5.6128940022698615,2.0099616589369886
5.622688751790166,2.51391537407968
5.53124467227918,3.308671928203261
5.529386351629219,3.662594760947658
5.469211602858948,4.380125048930366

6.864530815787742,3.002042350330763
6.63370172612823,2.236067199711005
6.406827618480631,1.597108467227978
5.607094430268184,1.6177682753479556
5.6128940022698615,2.0099616589369886
5.622688751790166,2.51391537407968
5.53124467227918,3.308671928203261
5.529386351629219,3.662594760947658
5.63734920875501,4.221661096920676
5.9653590911756975,4.7597317107956645
6.330929510708566,4.773784142117458

6.864530815787742,3.002042350330763
6.63370172612823,2.236067199711005
6.406827618480631,1.597108467227978
5.607094430268184,1.6177682753479556
5.289059252581843,2.351834774892798
5.06399149286368,3.0782329943575872
4.924377736399214,3.837235347338603
4.765259229342529,4.503318413764433
4.677608818797278,4.979855128079432
4.568771946953002,5.504176935005658
4.359260859726671,6.251552641419525
4.144646074414987,6.476365486340376
3.589510993910247,6.907140472414845
2.8497261558935945,7.059406355640264
2.559906278425153,7.158215619763775
1.937208240852189,7.339736110685834
1.7494318537745186,7.34988878526275

6.864530815787742,3.002042350330763
6.63370172612823,2.236067199711005
6.406827618480631,1.597108467227978
5.607094430268184,1.6177682753479556
5.289059252581843,2.351834774892798
5.06399149286368,3.0782329943575872
4.924377736399214,3.837235347338603
4.765259229342529,4.503318413764433
4.677608818797278,4.979855128079432
4.568771946953002,5.504176935005658
4.359260859726671,6.251552641419525
4.144646074414987,6.476365486340376
3.741556430941251,6.37858995395686

6.864530815787742,3.002042350330763
6.63370172612823,2.236067199711005
6.406827618480631,1.597108467227978
5.607094430268184,1.6177682753479556
5.6128940022698615,2.0099616589369886
5.622688751790166,2.51391537407968
5.53124467227918,3.308671928203261
5.446503146284293,4.083906056257118
5.387016969047162,4.48989524377389
5.335849811978976,5.2353766278166525
5.352369835345733,6.035096437065217
5.352696607816063,6.260901537881726

6.864530815787742,3.002042350330763
6.63370172612823,2.236067199711005
6.406827618480631,1.597108467227978
5.607094430268184,1.6177682753479556
5.6128940022698615,2.0099616589369886
5.622688751790166,2.51391537407968
5.53124467227918,3.308671928203261
5.529386351629219,3.662594760947658
5.63734920875501,4.221661096920676
5.9653590911756975,4.7597317107956645
6.232194703726959,5.337295756544285
6.424913641006427,5.861525777832156
6.520147828353056,6.655837083027057

7.654651699612244,2.507262069184109
7.002431484404724,2.0440031881309153
6.348068918770842,1.5934380733250275
5.846118754947907,1.6181374991780442
5.303660471309758,1.8258211974846135
5.149807641880724,1.9721599526483562
4.609643560930103,2.233105974555251
4.043350483545638,2.4711424138160036
3.521421949398603,2.4655386404269297
2.955419549155255,2.4674415764835143
2.42130331516445,2.459069137584526
1.6301077432465998,2.340707120967768
1.554372152815339,1.6575317645840335

7.654651699612244,2.507262069184109
7.002431484404724,2.0440031881309153
6.6097112419924215,1.8467853523426063
5.996915948914054,1.5001062563112704
5.308252595950231,1.4761424919383455
4.5084049717286145,1.4605290993846192
3.873839704547548,1.551747260336049
3.7077719193034078,1.560199677406159

7.654651699612244,2.507262069184109
7.002431484404724,2.0440031881309153
6.6097112419924215,1.8467853523426063
5.996915948914054,1.5001062563112704
5.737639495055139,1.3848305090492121

7.654651699612244,2.507262069184109
7.4116953597313655,2.0270660605253674
7.244435463377927,1.7136648659190874

7.654651699612244,2.507262069184109
7.002431484404724,2.0440031881309153
6.348068918770842,1.5934380733250275
5.846118754947907,1.6181374991780442
5.303660471309758,1.8258211974846135
5.149807641880724,1.9721599526483562
4.609643560930103,2.233105974555251
4.043350483545638,2.4711424138160036
3.521421949398603,2.4655386404269297
3.152224495574798,2.517112286520529
2.6620415496009406,2.5530472325719495
1.9539005396608395,2.5617226914471143
1.738733143189171,2.5635212756750714

7.654651699612244,2.507262069184109
7.002431484404724,2.0440031881309153
6.348068918770842,1.5934380733250275
5.846118754947907,1.6181374991780442
5.303660471309758,1.8258211974846135
5.149807641880724,1.9721599526483562
4.609643560930103,2.233105974555251
4.043350483545638,2.4711424138160036
3.633637943062255,2.7601608981410815

7.654651699612244,2.507262069184109
7.002431484404724,2.0440031881309153
6.6097112419924215,1.8467853523426063
5.996915948914054,1.5001062563112704
5.773414049291654,1.4710461445807352
5.540588453595923,2.0142219668273222
5.4078779623315905,2.2862269724676514

7.654651699612244,2.507262069184109
7.002431484404724,2.0440031881309153
6.6097112419924215,1.8467853523426063
5.996915948914054,1.5001062563112704
5.773414049291654,1.4710461445807352
5.540588453595923,2.0142219668273222
5.383444112690322,2.5073268868041874
5.203052938055276,3.2278778609423573
5.096913666703981,3.798272028192613
4.959707512597039,4.33933574628905
4.7446430082212325,5.016689619263402
4.547334672342847,5.775974098140381
4.285135300371028,6.422353309699273
3.615757234995162,6.4520995723922026
2.965869453902581,6.434205908303656
2.6668722182432503,6.419186958149023
2.069522927872019,6.419808666320421
1.6367443492849958,6.388547897208396
1.1682905355949027,5.7476490021624285

7.654651699612244,2.507262069184109
7.002431484404724,2.0440031881309153
6.6097112419924215,1.8467853523426063
5.996915948914054,1.5001062563112704
5.773414049291654,1.4710461445807352
5.540588453595923,2.0142219668273222
5.383444112690322,2.5073268868041874
5.203052938055276,3.2278778609423573
5.096913666703981,3.798272028192613
4.959707512597039,4.33933574628905
4.7446430082212325,5.016689619263402
4.547334672342847,5.775974098140381
4.285135300371028,6.422353309699273
3.615757234995162,6.4520995723922026
2.965869453902581,6.434205908303656
2.6668722182432503,6.419186958149023
2.069522927872019,6.419808666320421
1.6367443492849958,6.388547897208396
1.4832894310565492,5.947551790855735
1.980525746197702,5.361332328789298
2.323047806646218,5.417248073836735

7.654651699612244,2.507262069184109
7.002431484404724,2.0440031881309153
6.6097112419924215,1.8467853523426063
5.996915948914054,1.5001062563112704
5.773414049291654,1.4710461445807352
5.540588453595923,2.0142219668273222
5.504639380124101,2.1925515013333228
5.383394379845752,2.823906706219436
5.276799692331544,3.400640326309047
5.1994109685110015,4.121188092267438
5.1520178240894,4.376316138904148

7.654651699612244,2.507262069184109
7.002431484404724,2.0440031881309153
6.6097112419924215,1.8467853523426063
5.996915948914054,1.5001062563112704
5.773414049291654,1.4710461445807352
5.540588453595923,2.0142219668273222
5.576418580676086,2.355940507759552
5.501100545210592,3.1078859280695865
5.420173978206557,3.6211605568801324
5.578861069215368,4.405264126025919
6.268150707562923,4.743543944893254

7.654651699612244,2.507262069184109
7.002431484404724,2.0440031881309153
6.6097112419924215,1.8467853523426063
5.996915948914054,1.5001062563112704
5.773414049291654,1.4710461445807352
5.540588453595923,2.0142219668273222
5.383444112690322,2.5073268868041874
5.203052938055276,3.2278778609423573
5.096913666703981,3.798272028192613
4.959707512597039,4.33933574628905
4.7446430082212325,5.016689619263402
4.547334672342847,5.775974098140381
4.285135300371028,6.422353309699273
3.845070287684229,6.478425221367741
3.3854042394592265,6.527719121610475
2.7274550934722908,6.592488103509737
2.3240727451847425,6.603404323185463
1.7278155957563994,6.706821653962271

7.654651699612244,2.507262069184109
7.002431484404724,2.0440031881309153
6.6097112419924215,1.8467853523426063
5.996915948914054,1.5001062563112704
5.773414049291654,1.4710461445807352
5.540588453595923,2.0142219668273222
5.383444112690322,2.5073268868041874
5.203052938055276,3.2278778609423573
5.096913666703981,3.798272028192613
4.959707512597039,4.33933574628905
4.7446430082212325,5.016689619263402
4.547334672342847,5.775974098140381
4.285135300371028,6.422353309699273
3.615757234995162,6.4520995723922026

7.654651699612244,2.507262069184109
7.002431484404724,2.0440031881309153
6.6097112419924215,1.8467853523426063
5.996915948914054,1.5001062563112704
5.773414049291654,1.4710461445807352
5.540588453595923,2.0142219668273222
5.504639380124101,2.1925515013333228
5.383394379845752,2.823906706219436
5.276799692331544,3.400640326309047
5.260048832038261,4.045176706798667
5.256346589247044,4.7526795033068305
5.364029252182023,5.504430419979709
5.400735979667119,6.30358786138743

7.654651699612244,2.507262069184109
7.002431484404724,2.0440031881309153
6.6097112419924215,1.8467853523426063
5.996915948914054,1.5001062563112704
5.773414049291654,1.4710461445807352
5.540588453595923,2.0142219668273222
5.576418580676086,2.355940507759552
5.501100545210592,3.1078859280695865
5.420173978206557,3.6211605568801324
5.578861069215368,4.405264126025919
5.916404464764595,4.903899970148707
6.146050779434279,5.307878287420155
6.553301347417347,5.996114768031697
6.749535500177268,6.333035158557298

