3.6369764502236306,0.6943309572331877
4.175589723362588,1.2858508148867904
4.514283640726423,1.7805821752007858
4.4916232240712395,2.2673498244950725
4.174463827260986,2.3737396126554278
3.6478273213345043,2.4901555386263787
3.271832249200524,2.456970001885555
2.640553060278232,2.4773696755499954
2.175007730671746,2.4942092205444357
1.7202192693608964,2.385097285745298
1.415808550016934,1.879853482928646
1.3045059610729561,1.5835376852074032

3.6369764502236306,0.6943309572331877
4.333717426695586,0.6691463327426987

3.6369764502236306,0.6943309572331877
4.4354216512702545,0.7441833486062871
5.235141708582488,0.7653453412468141
5.95160925075876,0.7852537179727028
6.302502691316186,0.7767220476076427

3.6369764502236306,0.6943309572331877
4.175589723362588,1.2858508148867904
4.514283640726423,1.7805821752007858
4.4916232240712395,2.2673498244950725
4.174463827260986,2.3737396126554278
3.6478273213345043,2.4901555386263787
3.271832249200524,2.456970001885555
2.640553060278232,2.4773696755499954
2.175007730671746,2.4942092205444357
1.7202192693608964,2.385097285745298

3.6369764502236306,0.6943309572331877
4.175589723362588,1.2858508148867904
4.514283640726423,1.7805821752007858
4.4916232240712395,2.2673498244950725
4.174463827260986,2.3737396126554278
3.6478273213345043,2.4901555386263787

3.6369764502236306,0.6943309572331877
4.175589723362588,1.2858508148867904
4.514283640726423,1.7805821752007858
4.4916232240712395,2.2673498244950725

3.6369764502236306,0.6943309572331877
3.9538724147355833,0.839099245483905
4.460065782035837,1.0663231941425941
4.8886122634238465,1.283718546358972
5.286036486642575,1.4147231547837387
5.745661605464401,1.539310954847831
6.3485843117991285,1.6620085219476821
6.453875989834848,2.312256543629037

3.6369764502236306,0.6943309572331877
4.175589723362588,1.2858508148867904
4.514283640726423,1.7805821752007858
4.4916232240712395,2.2673498244950725
4.495771477796519,2.7572141029814983
4.512428679506107,3.187262609516538
4.4736230486989985,3.6052350760161254
4.447870685855781,4.3142675522436535
4.408042227668557,5.0651220582434675
4.431238185563936,5.843467431761948
4.413015854373113,6.282883978036439
3.7776442136550163,6.542182302387399
3.4076746364435495,6.571881774176823
2.9453727901484474,6.527268920519114
2.5208289491269333,6.583207357354508
1.7552191614600172,6.432510069568227
1.6164351848120544,6.343365729696013
1.6009960312632847,5.624535824188777

3.6369764502236306,0.6943309572331877
4.175589723362588,1.2858508148867904
4.514283640726423,1.7805821752007858
4.4916232240712395,2.2673498244950725
4.495771477796519,2.7572141029814983
4.512428679506107,3.187262609516538
4.4736230486989985,3.6052350760161254
4.447870685855781,4.3142675522436535
4.408042227668557,5.0651220582434675
4.431238185563936,5.843467431761948
4.413015854373113,6.282883978036439
3.7776442136550163,6.542182302387399
3.4076746364435495,6.571881774176823
2.9453727901484474,6.527268920519114
2.5208289491269333,6.583207357354508
1.7552191614600172,6.432510069568227
1.6164351848120544,6.343365729696013
1.6009960312632847,5.624535824188777
2.0378386439266203,5.566795161920755
2.5266383188382746,5.598956278227238

3.6369764502236306,0.6943309572331877
4.175589723362588,1.2858508148867904
4.514283640726423,1.7805821752007858
4.4916232240712395,2.2673498244950725
4.495771477796519,2.7572141029814983
4.512428679506107,3.187262609516538
4.4736230486989985,3.6052350760161254
4.447870685855781,4.3142675522436535

3.6369764502236306,0.6943309572331877
4.175589723362588,1.2858508148867904
4.514283640726423,1.7805821752007858
4.726722001438494,2.500274824822735
4.8822317064317815,2.965508125676111
5.182425411468929,3.525861075392564
5.49506033795727,3.9726046008598384
5.81801409985448,4.539803268126616
6.26808912483698,4.927015230789812

3.6369764502236306,0.6943309572331877
4.175589723362588,1.2858508148867904
4.514283640726423,1.7805821752007858
4.4916232240712395,2.2673498244950725
4.495771477796519,2.7572141029814983
4.512428679506107,3.187262609516538
4.4736230486989985,3.6052350760161254
4.447870685855781,4.3142675522436535
4.408042227668557,5.0651220582434675
4.431238185563936,5.843467431761948
4.413015854373113,6.282883978036439
3.7776442136550163,6.542182302387399
3.4076746364435495,6.571881774176823
2.6376774630704976,6.73623589215662
1.8386139775498174,6.774934033036283
1.686990704490916,6.866764538037132

3.6369764502236306,0.6943309572331877
4.175589723362588,1.2858508148867904
4.514283640726423,1.7805821752007858
4.4916232240712395,2.2673498244950725
4.495771477796519,2.7572141029814983
4.512428679506107,3.187262609516538
4.4736230486989985,3.6052350760161254
4.447870685855781,4.3142675522436535
4.408042227668557,5.0651220582434675
4.431238185563936,5.843467431761948
4.413015854373113,6.282883978036439
3.7776442136550163,6.542182302387399
3.7463634509295427,6.5341291857929145

3.6369764502236306,0.6943309572331877
4.175589723362588,1.2858508148867904
4.514283640726423,1.7805821752007858
4.4916232240712395,2.2673498244950725
4.495771477796519,2.7572141029814983
4.512428679506107,3.187262609516538
4.4736230486989985,3.6052350760161254
4.447870685855781,4.3142675522436535
4.408042227668557,5.0651220582434675
4.431238185563936,5.843467431761948
4.413015854373113,6.282883978036439

3.6369764502236306,0.6943309572331877
4.175589723362588,1.2858508148867904
4.514283640726423,1.7805821752007858
4.726722001438494,2.500274824822735
4.8822317064317815,2.965508125676111
5.182425411468929,3.525861075392564
5.49506033795727,3.9726046008598384
5.81801409985448,4.539803268126616
6.15140865513918,5.074468768506803
6.476472368917469,5.656043934712676
6.429686898819679,6.4037711202015934

2.611694808682101,1.3794497623632076
3.1631644249035373,1.4003204691629576
3.8642730666227196,1.515333650179483
4.330251293837117,1.6657633419949405
4.439228347778274,1.7986068329560991
4.362919025557599,2.265545381513598
3.937711192404337,2.575088272252562
3.2709394379141896,2.7459167667065927
2.6593667222858874,2.574896439489892
2.1277632793809342,2.5175556460641166
1.6823426895488858,2.3195110235702114
1.5069006020884084,1.8743392440690592
1.62139121541492,1.604309553015555

2.611694808682101,1.3794497623632076
3.1631644249035373,1.4003204691629576
3.6313488712175594,1.4533584984495478
4.2608494820734215,1.4195640428913132

2.611694808682101,1.3794497623632076
3.132277707687547,1.1925600538346637
3.8143830879632064,1.0636752936208551
4.0938397945892895,1.0467147638601797
4.714013145652527,0.8628767826340666
4.872982488144082,0.840335223929608
5.660919838149721,0.701934600859874
6.357542036056245,0.5118352185108956

2.611694808682101,1.3794497623632076
3.1631644249035373,1.4003204691629576
3.8642730666227196,1.515333650179483
4.330251293837117,1.6657633419949405
4.439228347778274,1.7986068329560991
4.362919025557599,2.265545381513598
3.937711192404337,2.575088272252562
3.2709394379141896,2.7459167667065927
2.5701132572021885,2.9704050700363194
2.2082788332152057,3.1047009136465675
1.7095554419013475,3.2948295290157694

2.611694808682101,1.3794497623632076
3.1631644249035373,1.4003204691629576
3.8642730666227196,1.515333650179483
4.330251293837117,1.6657633419949405
4.439228347778274,1.7986068329560991
4.362919025557599,2.265545381513598
3.937711192404337,2.575088272252562
3.7168990524462258,2.757722785235751

2.611694808682101,1.3794497623632076
3.1631644249035373,1.4003204691629576
3.8642730666227196,1.515333650179483
4.330251293837117,1.6657633419949405
4.439228347778274,1.7986068329560991
4.362919025557599,2.265545381513598

2.611694808682101,1.3794497623632076
3.1631644249035373,1.4003204691629576
3.6313488712175594,1.4533584984495478
4.373924463035234,1.5074695453075166
4.53019579318646,1.5130250160304066
5.32509097218697,1.5620927393815904
5.511612039460813,1.5596718064835127
6.209482148610699,1.5515585764063764
6.543978555827358,1.887605063269922
6.8509875245599305,2.355958444985671

2.611694808682101,1.3794497623632076
3.1631644249035373,1.4003204691629576
3.8642730666227196,1.515333650179483
4.330251293837117,1.6657633419949405
4.439228347778274,1.7986068329560991
4.433727421932363,2.402536793535845
4.45018480417751,2.815897530745038
4.486335672627117,3.4845843428942773
4.497221704863792,4.195497276393157
4.521903668563884,4.442461814603768
4.5032517828468075,5.201582749081009
4.433055828922401,5.981170723743953
4.265772592448712,6.5153088386120634
3.5815118960326893,6.524204890788711
2.782352514540574,6.48754042606959
2.235936224764596,6.473864638052984
1.4679455627182039,6.278162100367167
1.2980892935928114,5.686759729820282

2.611694808682101,1.3794497623632076
3.1631644249035373,1.4003204691629576
3.8642730666227196,1.515333650179483
4.330251293837117,1.6657633419949405
4.439228347778274,1.7986068329560991
4.433727421932363,2.402536793535845
4.45018480417751,2.815897530745038
4.486335672627117,3.4845843428942773
4.497221704863792,4.195497276393157
4.521903668563884,4.442461814603768
4.5032517828468075,5.201582749081009
4.433055828922401,5.981170723743953
4.265772592448712,6.5153088386120634
3.5815118960326893,6.524204890788711
2.782352514540574,6.48754042606959
2.235936224764596,6.473864638052984
1.4679455627182039,6.278162100367167
1.6226096605519245,5.796972582648002
1.794062862836563,5.332705678827452
2.331349802861007,5.231294248977072

2.611694808682101,1.3794497623632076
3.1631644249035373,1.4003204691629576
3.8642730666227196,1.515333650179483
4.330251293837117,1.6657633419949405
4.439228347778274,1.7986068329560991
4.433727421932363,2.402536793535845
4.45018480417751,2.815897530745038
4.486335672627117,3.4845843428942773
4.53023118695325,4.278976206995026

2.611694808682101,1.3794497623632076
3.1631644249035373,1.4003204691629576
3.8642730666227196,1.515333650179483
4.330251293837117,1.6657633419949405
4.695904106327136,2.3198560147355014
4.9086476811865705,2.737936548191675
5.188421329014788,3.4857024100190683
5.3834909041071315,3.9101686361190096
5.729101524388224,4.358650874736063
6.277745938400392,4.5437413670245554

2.611694808682101,1.3794497623632076
3.1631644249035373,1.4003204691629576
3.8642730666227196,1.515333650179483
4.330251293837117,1.6657633419949405
4.439228347778274,1.7986068329560991
4.433727421932363,2.402536793535845
4.45018480417751,2.815897530745038
4.486335672627117,3.4845843428942773
4.497221704863792,4.195497276393157
4.521903668563884,4.442461814603768
4.5032517828468075,5.201582749081009
4.433055828922401,5.981170723743953
4.265772592448712,6.5153088386120634
3.7298270069043187,6.639782152162017
3.403076351822337,6.669764454833728
2.8312418080086985,6.692067334108688
2.42921733177685,6.81770803507542
1.6452710868429024,6.977170522996444

2.611694808682101,1.3794497623632076
3.1631644249035373,1.4003204691629576
3.8642730666227196,1.515333650179483
4.330251293837117,1.6657633419949405
4.439228347778274,1.7986068329560991
4.433727421932363,2.402536793535845
4.45018480417751,2.815897530745038
4.486335672627117,3.4845843428942773
4.497221704863792,4.195497276393157
4.521903668563884,4.442461814603768
4.5032517828468075,5.201582749081009
4.433055828922401,5.981170723743953
4.265772592448712,6.5153088386120634
3.73024343188824,6.454717173070882

2.611694808682101,1.3794497623632076
3.1631644249035373,1.4003204691629576
3.8642730666227196,1.515333650179483
4.330251293837117,1.6657633419949405
4.439228347778274,1.7986068329560991
4.433727421932363,2.402536793535845
4.45018480417751,2.815897530745038
4.486335672627117,3.4845843428942773
4.53023118695325,4.278976206995026
4.6044483010285635,5.014279736062072
4.670515152306562,5.4462948419242085
4.668182809327256,5.823885656073494
4.583738625145791,6.260052928416235

2.611694808682101,1.3794497623632076
3.1631644249035373,1.4003204691629576
3.8642730666227196,1.515333650179483
4.330251293837117,1.6657633419949405
4.695904106327136,2.3198560147355014
4.9086476811865705,2.737936548191675
5.188421329014788,3.4857024100190683
5.3834909041071315,3.9101686361190096
5.729101524388224,4.358650874736063
5.802590203198711,4.669074487686272
6.0905023286575934,5.247460266947567
6.310862783537294,5.630468277895878
6.3913489832422545,5.880466004009573
6.5009929695386095,6.330138373014668

2.9652809170187093,0.9501377164141374
3.3888960356078446,1.1988346215290075
4.100488545135402,1.3777123977465706
4.448560277795517,1.8917430975670997
4.416348062090589,2.1982329345286797
4.005770285324595,2.5982066312979746
3.5176520279836563,2.4987408682384418
3.0151205477701284,2.469283591456389
2.229678406934891,2.496331582898012
2.076687495862184,2.5101768195033913
1.632726412780452,2.2848330640493217
1.5758034007373416,1.7241708046344588

2.9652809170187093,0.9501377164141374
3.5729705848773725,0.7862575717208892
4.27185100054478,0.6344249556141875

2.9652809170187093,0.9501377164141374
3.588772284995684,0.8592245890687407
4.386718613148293,0.9165103411172972
5.149769686082774,0.8446044124133845
5.9172101579342105,0.712585467414407
6.2991283186293145,0.6350314323570961

2.9652809170187093,0.9501377164141374
3.3888960356078446,1.1988346215290075
4.100488545135402,1.3777123977465706
4.448560277795517,1.8917430975670997
4.416348062090589,2.1982329345286797
4.005770285324595,2.5982066312979746
3.5176520279836563,2.4987408682384418
3.0541298505343324,2.465852161846514
2.5863106309796606,2.4029615428852673
2.114406558303341,2.4010082486888584
1.7377704483822884,2.4073670272092875

2.9652809170187093,0.9501377164141374
3.3888960356078446,1.1988346215290075
4.100488545135402,1.3777123977465706
4.448560277795517,1.8917430975670997
4.416348062090589,2.1982329345286797
4.005770285324595,2.5982066312979746
3.737237387933064,2.8822223004840493

2.9652809170187093,0.9501377164141374
3.3888960356078446,1.1988346215290075
4.100488545135402,1.3777123977465706
4.448560277795517,1.8917430975670997
4.662868911835013,2.3172030111396253

2.9652809170187093,0.9501377164141374
3.733128451075627,1.075053496282604
4.45672756121128,1.2635709122788246
4.887729655792843,1.3288417561806491
5.654299656727667,1.4201228575883753
6.095517982664494,1.4665629791492019
6.6140541456665,2.042170635536083
6.391298559652177,2.265150419381771

2.9652809170187093,0.9501377164141374
3.3888960356078446,1.1988346215290075
4.100488545135402,1.3777123977465706
4.448560277795517,1.8917430975670997
4.475052658879289,2.15828700206507
4.493805775470539,2.8775108367893987
4.4657387747057875,3.016331267417634
4.451206770378929,3.7208826218231477
4.414650984274863,4.309583102957352
4.410353973407067,4.528906992983513
4.461320868859739,5.24242140529702
4.459246981762604,6.042418717162697
4.334460758965269,6.434652602064645
3.5348352988116574,6.427809254723791
2.983182974104062,6.505794220200157
2.237682814237952,6.528009052135317
1.941143501665553,6.534042250559698
1.5333933673282454,6.246720668385681
1.4533393657802343,5.737689675264255

2.9652809170187093,0.9501377164141374
3.3888960356078446,1.1988346215290075
4.100488545135402,1.3777123977465706
4.448560277795517,1.8917430975670997
4.475052658879289,2.15828700206507
4.493805775470539,2.8775108367893987
4.4657387747057875,3.016331267417634
4.451206770378929,3.7208826218231477
4.414650984274863,4.309583102957352
4.410353973407067,4.528906992983513
4.461320868859739,5.24242140529702
4.459246981762604,6.042418717162697
4.334460758965269,6.434652602064645
3.5348352988116574,6.427809254723791
2.983182974104062,6.505794220200157
2.237682814237952,6.528009052135317
1.941143501665553,6.534042250559698
1.5333933673282454,6.246720668385681
1.5454069876357983,5.872323993042457
1.7371702133464186,5.642716333164839
2.256005732134085,5.406220495444271

2.9652809170187093,0.9501377164141374
3.3888960356078446,1.1988346215290075
4.100488545135402,1.3777123977465706
4.448560277795517,1.8917430975670997
4.475052658879289,2.15828700206507
4.493805775470539,2.8775108367893987
4.4657387747057875,3.016331267417634
4.451206770378929,3.7208826218231477
4.414650984274863,4.309583102957352

2.9652809170187093,0.9501377164141374
3.3888960356078446,1.1988346215290075
4.041322423323282,1.5065326886110015
4.696079904997399,1.966198480455216
4.8131353084344966,2.2649967261064883
5.089696705590019,3.012847264581123
5.360515980803188,3.7656134435324717
5.659810869028694,4.299314664391823
6.181675457227632,4.5842924628120345
6.383534057072366,4.725769931059986

2.9652809170187093,0.9501377164141374
3.3888960356078446,1.1988346215290075
4.100488545135402,1.3777123977465706
4.448560277795517,1.8917430975670997
4.475052658879289,2.15828700206507
4.493805775470539,2.8775108367893987
4.4657387747057875,3.016331267417634
4.451206770378929,3.7208826218231477
4.414650984274863,4.309583102957352
4.410353973407067,4.528906992983513
4.461320868859739,5.24242140529702
4.459246981762604,6.042418717162697
4.334460758965269,6.434652602064645
3.5348352988116574,6.427809254723791
3.1966137448041674,6.477203278899035
2.4420235110848436,6.543799133573993
1.7150097051172408,6.711971158660873

2.9652809170187093,0.9501377164141374
3.3888960356078446,1.1988346215290075
4.100488545135402,1.3777123977465706
4.448560277795517,1.8917430975670997
4.475052658879289,2.15828700206507
4.493805775470539,2.8775108367893987
4.4657387747057875,3.016331267417634
4.451206770378929,3.7208826218231477
4.414650984274863,4.309583102957352
4.410353973407067,4.528906992983513
4.461320868859739,5.24242140529702
4.459246981762604,6.042418717162697
4.334460758965269,6.434652602064645
3.5856370385907335,6.590921449566703

2.9652809170187093,0.9501377164141374
3.3888960356078446,1.1988346215290075
4.100488545135402,1.3777123977465706
4.448560277795517,1.8917430975670997
4.475052658879289,2.15828700206507
4.584271880223721,2.697255574752204
4.747593268061928,3.4804069804679836
4.847441294686736,4.110454914471363
4.925180554349246,4.506843061003618
5.12126772608087,5.104632718511148
5.366322601463794,5.722170301551016
5.420822358456117,6.333514391461181

2.9652809170187093,0.9501377164141374
3.3888960356078446,1.1988346215290075
4.041322423323282,1.5065326886110015
4.696079904997399,1.966198480455216
4.8131353084344966,2.2649967261064883
5.089696705590019,3.012847264581123
5.360515980803188,3.7656134435324717
5.711472088809202,4.461853793173399
6.099124697128536,5.150742773019369
6.366221457356945,5.58476899489576
6.662037606642707,6.328067592917943

3.8135224574453748,1.4668032964071702
4.333825778776673,1.6618124590520806
4.52439503995512,2.108037236188678
4.335926139848691,2.4034253082252124
3.7442335331677645,2.4716287043793845
3.2544051171144437,2.6015250519151545
2.4594463896043535,2.5118555389492734
1.814321856694002,2.3958141748495523
1.7126077629534522,2.326907835284915
1.269652860892094,1.735789628993853

3.8135224574453748,1.4668032964071702
4.253555348306624,1.241823696892458

3.8135224574453748,1.4668032964071702
4.206434273302718,1.3683205107276564
4.742482000622512,1.3773039154980888
5.398241716027594,1.356094211275404
5.845234818686843,1.3328636479394667
6.253015065624446,1.339705044144731

3.8135224574453748,1.4668032964071702
4.333825778776673,1.6618124590520806
4.52439503995512,2.108037236188678
4.335926139848691,2.4034253082252124
3.7442335331677645,2.4716287043793845
3.2544051171144437,2.6015250519151545
2.4594463896043535,2.5118555389492734
1.814321856694002,2.3958141748495523
1.7126077629534522,2.326907835284915

3.8135224574453748,1.4668032964071702
4.333825778776673,1.6618124590520806
4.52439503995512,2.108037236188678
4.335926139848691,2.4034253082252124
3.7442335331677645,2.4716287043793845

3.8135224574453748,1.4668032964071702
4.333825778776673,1.6618124590520806
4.730650258622294,2.2566533219337948

3.8135224574453748,1.4668032964071702
4.604049380565705,1.5335550478205504
5.312905298332165,1.4979063963151833
6.039259487832353,1.4578124832671988
6.460133156868052,1.8088848783447546
6.6579072644531605,2.287394086882917

3.8135224574453748,1.4668032964071702
4.333825778776673,1.6618124590520806
4.52439503995512,2.108037236188678
4.512780858756998,2.6960543021071497
4.487974906623888,3.495552401816191
4.5058626020257755,3.9517328621388708
4.531896733276036,4.615355839549942
4.4932591225345915,5.196163099176596
4.486779440560298,5.764735443675811
4.487569741226639,6.061317418944313
4.262622989625476,6.391693995450059
3.8147508913711734,6.531889581227102
3.4251583946954467,6.6837793188256285
2.9709404114463,6.57501221642819
2.1788596880858995,6.462726297093372
1.6758489555847833,6.413603457509155
1.507844368228985,5.726847173047032

3.8135224574453748,1.4668032964071702
4.333825778776673,1.6618124590520806
4.52439503995512,2.108037236188678
4.512780858756998,2.6960543021071497
4.487974906623888,3.495552401816191
4.5058626020257755,3.9517328621388708
4.531896733276036,4.615355839549942
4.4932591225345915,5.196163099176596
4.486779440560298,5.764735443675811
4.487569741226639,6.061317418944313
4.262622989625476,6.391693995450059
3.8147508913711734,6.531889581227102
3.4251583946954467,6.6837793188256285
2.9709404114463,6.57501221642819
2.1788596880858995,6.462726297093372
1.6758489555847833,6.413603457509155
1.507844368228985,5.726847173047032
1.5766125801328077,5.647689755881819
2.3332705602359995,5.5529002225456505

3.8135224574453748,1.4668032964071702
4.333825778776673,1.6618124590520806
4.52439503995512,2.108037236188678
4.559135114273167,2.4813782707737295
4.59135844717078,3.1615508495283096
4.677318189282105,3.529359406073615
4.9103858478065305,4.270962166549869

3.8135224574453748,1.4668032964071702
4.333825778776673,1.6618124590520806
4.52439503995512,2.108037236188678
4.792496954483145,2.7204621166190166
5.072210306280535,3.376674347284168
5.464988292121286,4.071058283900522
6.005386040036521,4.653316603403692
6.4967796687155985,4.738177394295852

3.8135224574453748,1.4668032964071702
4.333825778776673,1.6618124590520806
4.52439503995512,2.108037236188678
4.512780858756998,2.6960543021071497
4.487974906623888,3.495552401816191
4.5058626020257755,3.9517328621388708
4.531896733276036,4.615355839549942
4.4932591225345915,5.196163099176596
4.486779440560298,5.764735443675811
4.487569741226639,6.061317418944313
4.262622989625476,6.391693995450059
3.8147508913711734,6.531889581227102
3.3519894752215533,6.687241082657449
2.5726534849898064,6.682182388729707
1.8253027324475037,6.702805709722452
1.6559462815607084,6.6992096714440255

3.8135224574453748,1.4668032964071702
4.333825778776673,1.6618124590520806
4.52439503995512,2.108037236188678
4.512780858756998,2.6960543021071497
4.487974906623888,3.495552401816191
4.5058626020257755,3.9517328621388708
4.531896733276036,4.615355839549942
4.4932591225345915,5.196163099176596
4.486779440560298,5.764735443675811
4.487569741226639,6.061317418944313
4.262622989625476,6.391693995450059
3.8147508913711734,6.531889581227102
3.4251583946954467,6.6837793188256285

3.8135224574453748,1.4668032964071702
4.333825778776673,1.6618124590520806
4.52439503995512,2.108037236188678
4.512780858756998,2.6960543021071497
4.487974906623888,3.495552401816191
4.5058626020257755,3.9517328621388708
4.531896733276036,4.615355839549942
4.4932591225345915,5.196163099176596
4.486779440560298,5.764735443675811
4.53037454876659,6.260488410558094

3.8135224574453748,1.4668032964071702
4.333825778776673,1.6618124590520806
4.52439503995512,2.108037236188678
4.792496954483145,2.7204621166190166
5.072210306280535,3.376674347284168
5.464988292121286,4.071058283900522
5.680358803260545,4.520910447363587
5.918107807956094,4.9552551359999715
6.295033062191021,5.5086229610684
6.403757166704937,5.924944110659028
6.550259839757986,6.319026699185356

2.4369012148715035,1.1942647401151159
3.1941019510787134,1.4055155510225164
3.6837790509164265,1.5127819606252464
4.155924585375932,1.6015164328882219
4.339048439306157,1.69427462428992
4.4020044668193075,1.9250116664614687
4.475867321759457,2.4682088769001513
3.836377422229077,2.556685161788108
3.0382752748046724,2.6117574985512584
2.2613223887617857,2.6023359049090735
1.5778938763446182,2.2741639177540236
1.5856424658539456,1.6148581998671452

2.4369012148715035,1.1942647401151159
3.1920023729082554,1.1143306193895173
3.32324648088058,1.073330900280653
4.012904950562904,1.0890160423055741
4.264065879133514,1.0657875639653438

2.4369012148715035,1.1942647401151159
3.1920023729082554,1.1143306193895173
3.32324648088058,1.073330900280653
4.012904950562904,1.0890160423055741
4.5173038209317,1.1063694817365919
5.007883405854584,1.1085183804568972
5.807702167619075,1.0914905112561792
6.31770606052766,1.1220431742979926

2.4369012148715035,1.1942647401151159
3.1941019510787134,1.4055155510225164
3.6837790509164265,1.5127819606252464
4.155924585375932,1.6015164328882219
4.339048439306157,1.69427462428992
4.4020044668193075,1.9250116664614687
4.475867321759457,2.4682088769001513
3.7191611621428327,2.446164766981934
3.566015921586041,2.4702600585905783
2.8554161850753097,2.4564327394971133
2.055424875795473,2.452703788339867
1.647321427094,2.4502739398471505

2.4369012148715035,1.1942647401151159
3.1941019510787134,1.4055155510225164
3.6837790509164265,1.5127819606252464
4.155924585375932,1.6015164328882219
4.339048439306157,1.69427462428992
4.4020044668193075,1.9250116664614687
4.475867321759457,2.4682088769001513
3.7191611621428327,2.446164766981934

2.4369012148715035,1.1942647401151159
3.1941019510787134,1.4055155510225164
3.6837790509164265,1.5127819606252464
4.155924585375932,1.6015164328882219
4.339048439306157,1.69427462428992
4.734434666138581,2.260448321307982

2.4369012148715035,1.1942647401151159
2.6949526500640335,1.24599443212231
3.4477502544301575,1.3974728992627126
4.246714408063321,1.4276222283867734
4.84556310174016,1.4325488490248603
5.419176582197156,1.4996153401668812
5.963842671122816,1.499598313629087
6.36940938770142,1.7127863098396785
6.56720201604378,2.264233914190018

2.4369012148715035,1.1942647401151159
3.1941019510787134,1.4055155510225164
3.6837790509164265,1.5127819606252464
4.155924585375932,1.6015164328882219
4.339048439306157,1.69427462428992
4.4020044668193075,1.9250116664614687
4.475867321759457,2.4682088769001513
4.451112318992331,3.122046349179365
4.444944764299066,3.30958389645492
4.447527803968535,4.011260228213334
4.453139589016673,4.730216397836046
4.484631312454962,5.0360502092309725
4.4939822534764575,5.638291067169075
4.5048491924704015,6.187467865426449
3.8799830050759674,6.5731855787520175
3.7198278334120456,6.506981118935387
2.9532459728104046,6.528987187156022
2.347685781078832,6.50907200127996
1.571184940894656,6.31659746999525
1.3317789612803312,5.623911735490236

2.4369012148715035,1.1942647401151159
3.1941019510787134,1.4055155510225164
3.6837790509164265,1.5127819606252464
4.155924585375932,1.6015164328882219
4.339048439306157,1.69427462428992
4.4020044668193075,1.9250116664614687
4.475867321759457,2.4682088769001513
4.451112318992331,3.122046349179365
4.444944764299066,3.30958389645492
4.447527803968535,4.011260228213334
4.453139589016673,4.730216397836046
4.484631312454962,5.0360502092309725
4.4939822534764575,5.638291067169075
4.5048491924704015,6.187467865426449
3.8799830050759674,6.5731855787520175
3.7198278334120456,6.506981118935387
2.9532459728104046,6.528987187156022
2.347685781078832,6.50907200127996
1.571184940894656,6.31659746999525
1.456280268242104,5.76196308798347
2.054040116561217,5.536979493891849
2.3440585600740396,5.509732221051413

2.4369012148715035,1.1942647401151159
3.1941019510787134,1.4055155510225164
3.6837790509164265,1.5127819606252464
4.155924585375932,1.6015164328882219
4.339048439306157,1.69427462428992
4.4020044668193075,1.9250116664614687
4.475867321759457,2.4682088769001513
4.503088588494334,2.9737471789397523
4.510351387246465,3.2734732407807967
4.5686793639399506,3.9857976999844085
4.605281258756157,4.348368969348113

2.4369012148715035,1.1942647401151159
3.1941019510787134,1.4055155510225164
3.6837790509164265,1.5127819606252464
4.155924585375932,1.6015164328882219
4.339048439306157,1.69427462428992
4.43642546808837,2.005205301247508
4.772642419346131,2.6339739420070183
5.129569416176737,3.323816749518696
5.514165161153985,4.024115154759867
5.569235254136002,4.281579277619735
6.1710544831782315,4.556476876063775
6.33663974172443,4.55516763799084

2.4369012148715035,1.1942647401151159
3.1941019510787134,1.4055155510225164
3.6837790509164265,1.5127819606252464
4.155924585375932,1.6015164328882219
4.339048439306157,1.69427462428992
4.4020044668193075,1.9250116664614687
4.475867321759457,2.4682088769001513
4.451112318992331,3.122046349179365
4.444944764299066,3.30958389645492
4.447527803968535,4.011260228213334
4.453139589016673,4.730216397836046
4.484631312454962,5.0360502092309725
4.4939822534764575,5.638291067169075
4.5048491924704015,6.187467865426449
3.8799830050759674,6.5731855787520175
3.3505171157672473,6.716771576059026
2.5693942979180915,6.889534834408117
2.2159054698975638,6.9561766058750845
1.7258751496486466,6.989972738895949

2.4369012148715035,1.1942647401151159
3.1941019510787134,1.4055155510225164
3.6837790509164265,1.5127819606252464
4.155924585375932,1.6015164328882219
4.339048439306157,1.69427462428992
4.4020044668193075,1.9250116664614687
4.475867321759457,2.4682088769001513
4.451112318992331,3.122046349179365
4.444944764299066,3.30958389645492
4.447527803968535,4.011260228213334
4.453139589016673,4.730216397836046
4.484631312454962,5.0360502092309725
4.4939822534764575,5.638291067169075
4.5048491924704015,6.187467865426449
3.8799830050759674,6.5731855787520175
3.7198278334120456,6.506981118935387

2.4369012148715035,1.1942647401151159
3.1941019510787134,1.4055155510225164
3.6837790509164265,1.5127819606252464
4.155924585375932,1.6015164328882219
4.339048439306157,1.69427462428992
4.4020044668193075,1.9250116664614687
4.475867321759457,2.4682088769001513
4.451112318992331,3.122046349179365
4.444944764299066,3.30958389645492
4.447527803968535,4.011260228213334
4.453139589016673,4.730216397836046
4.484631312454962,5.0360502092309725
4.4939822534764575,5.638291067169075
4.537077109156153,6.266020423773065

2.4369012148715035,1.1942647401151159
3.1941019510787134,1.4055155510225164
3.6837790509164265,1.5127819606252464
4.155924585375932,1.6015164328882219
4.339048439306157,1.69427462428992
4.43642546808837,2.005205301247508
4.772642419346131,2.6339739420070183
5.129569416176737,3.323816749518696
5.514165161153985,4.024115154759867
5.746962773770252,4.531684209914039
6.1181283103060995,5.075956891102274
6.366745227773169,5.496686701421273
6.444968329858647,5.899779265848216
6.545137007189274,6.30565263285073

2.5399439898383758,1.0328170899136813
3.314267620885492,1.2338715959611948
4.0121358571134085,1.4257329148708708
4.348622395448911,1.531908534243489
4.458388683778354,2.0344168927952393
4.340384059536051,2.2553605470863127
4.243249977703818,2.3831220647629445
3.450483157743175,2.4293468726799214
2.808969781551081,2.495370055959748
2.408517186946851,2.434731632158661
1.7279425668781494,2.427246335504522
1.515661325614238,1.989789364664365
1.4066913445161444,1.6268277022573612

2.5399439898383758,1.0328170899136813
3.3215935103575065,0.86245269494744
3.624057552300856,0.8409704415018229
4.285748099240914,0.7343830971091309

2.5399439898383758,1.0328170899136813
3.339917958093679,1.039270779855356
4.080174304765549,1.1611069296002696
4.874755216239932,1.1695376554776382
5.402148288275602,1.2261727524384312
5.976586689759484,1.2651288652719224
6.294954773505253,1.295125330632237

2.5399439898383758,1.0328170899136813
3.314267620885492,1.2338715959611948
4.0121358571134085,1.4257329148708708
4.348622395448911,1.531908534243489
4.458388683778354,2.0344168927952393
4.340384059536051,2.2553605470863127
4.243249977703818,2.3831220647629445
3.450483157743175,2.4293468726799214
2.808969781551081,2.495370055959748
2.408517186946851,2.434731632158661
1.7375584515141786,2.367071135120625

2.5399439898383758,1.0328170899136813
3.314267620885492,1.2338715959611948
4.0121358571134085,1.4257329148708708
4.348622395448911,1.531908534243489
4.458388683778354,2.0344168927952393
4.340384059536051,2.2553605470863127
4.243249977703818,2.3831220647629445
3.6305884453396153,2.6336168563277593

2.5399439898383758,1.0328170899136813
3.314267620885492,1.2338715959611948
4.0121358571134085,1.4257329148708708
4.348622395448911,1.531908534243489
4.458388683778354,2.0344168927952393
4.340384059536051,2.2553605470863127

2.5399439898383758,1.0328170899136813
3.1285464195625643,1.1495643802798559
3.4290869937250643,1.162586542695849
4.022412778001437,1.2187312389572158
4.611650042801258,1.2492347764486857
5.1497426214397946,1.3010551911106558
5.649477566378318,1.3705021386289895
6.242228729145371,1.5349760849907552
6.482304121831229,1.9802145751134332
6.478989822221157,2.4518842629088695

2.5399439898383758,1.0328170899136813
3.314267620885492,1.2338715959611948
4.0121358571134085,1.4257329148708708
4.348622395448911,1.531908534243489
4.458388683778354,2.0344168927952393
4.408702030568317,2.7800453706508135
4.453853138737021,3.303333744722741
4.499924517242078,3.9406399824620646
4.488185744543441,4.658101551143547
4.458122668176298,5.457536483729898
4.436002616069674,6.162890620588009
4.156765408261151,6.485202107791986
3.4588033885153524,6.4838905536236835
2.6755293691996593,6.441005795504796
1.9776572935851702,6.423624718340534
1.649126343141893,6.320736665919859
1.1507249552368468,5.704157573350127

2.5399439898383758,1.0328170899136813
3.314267620885492,1.2338715959611948
4.0121358571134085,1.4257329148708708
4.348622395448911,1.531908534243489
4.458388683778354,2.0344168927952393
4.408702030568317,2.7800453706508135
4.453853138737021,3.303333744722741
4.499924517242078,3.9406399824620646
4.488185744543441,4.658101551143547
4.458122668176298,5.457536483729898
4.436002616069674,6.162890620588009
4.156765408261151,6.485202107791986
3.4588033885153524,6.4838905536236835
2.6755293691996593,6.441005795504796
1.9776572935851702,6.423624718340534
1.649126343141893,6.320736665919859
1.388033511908667,6.168569145065032
1.7360731885221012,5.556269992206013
2.300977162393756,5.537231133730025

2.5399439898383758,1.0328170899136813
3.314267620885492,1.2338715959611948
4.0121358571134085,1.4257329148708708
4.348622395448911,1.531908534243489
4.458388683778354,2.0344168927952393
4.408702030568317,2.7800453706508135
4.3980688710367435,3.48833945399489
4.38802406687682,4.288276390202607

2.5399439898383758,1.0328170899136813
3.314267620885492,1.2338715959611948
4.0121358571134085,1.4257329148708708
4.348622395448911,1.531908534243489
4.628026287037833,2.197913177006672
4.947040644023281,2.925063657624684
5.315759986496273,3.5284804985660196
5.598796136752918,4.236711758804856
5.85745743681408,4.449994016622539
6.328019375595858,4.442390120038284

2.5399439898383758,1.0328170899136813
3.314267620885492,1.2338715959611948
4.0121358571134085,1.4257329148708708
4.348622395448911,1.531908534243489
4.458388683778354,2.0344168927952393
4.408702030568317,2.7800453706508135
4.453853138737021,3.303333744722741
4.499924517242078,3.9406399824620646
4.488185744543441,4.658101551143547
4.458122668176298,5.457536483729898
4.436002616069674,6.162890620588009
4.156765408261151,6.485202107791986
3.4591186948829797,6.602213018280822
2.673416455573879,6.636098850259529
2.441482273204447,6.690621714640506
1.7216949931599907,6.762571080365378

2.5399439898383758,1.0328170899136813
3.314267620885492,1.2338715959611948
4.0121358571134085,1.4257329148708708
4.348622395448911,1.531908534243489
4.458388683778354,2.0344168927952393
4.408702030568317,2.7800453706508135
4.453853138737021,3.303333744722741
4.499924517242078,3.9406399824620646
4.488185744543441,4.658101551143547
4.458122668176298,5.457536483729898
4.436002616069674,6.162890620588009
4.156765408261151,6.485202107791986
3.7008621228734606,6.973519008140935

2.5399439898383758,1.0328170899136813
3.314267620885492,1.2338715959611948
4.0121358571134085,1.4257329148708708
4.348622395448911,1.531908534243489
4.458388683778354,2.0344168927952393
4.408702030568317,2.7800453706508135
4.453853138737021,3.303333744722741
4.499924517242078,3.9406399824620646
4.488185744543441,4.658101551143547
4.525443469759435,4.932637974476916
4.5419252769507485,5.545881606225872
4.574603475129656,6.260434769724449

2.5399439898383758,1.0328170899136813
3.314267620885492,1.2338715959611948
4.0121358571134085,1.4257329148708708
4.348622395448911,1.531908534243489
4.628026287037833,2.197913177006672
4.947040644023281,2.925063657624684
5.315759986496273,3.5284804985660196
5.598796136752918,4.236711758804856
5.940758852841576,4.9062221131691555
6.0770475808087605,5.27254247041872
6.402334819313189,5.8497481489129
6.569162939015761,6.43361509958394

2.684754794091364,0.43174480525582726
3.2563252720324316,0.9309661379675547
3.4285446150703414,1.0330478373731902
3.9926986622401066,1.4491889388043973
4.219759399244621,1.5979875513108945
4.608077685889852,2.035007511803256
4.504579135476963,2.166878756902235
3.9058088583223456,2.6232934837623376
3.527011822492176,2.629470430467689
2.7773842760541108,2.665528192662607
2.2828718732246522,2.520359298283205
1.5939179049250896,2.315790276753394
1.5857175728334894,1.5516149692364587

2.684754794091364,0.43174480525582726
3.474651488211666,0.5584855351646398
3.585071435442374,0.5274903016796262
4.338029770850017,0.4279612518108419

2.684754794091364,0.43174480525582726
3.474651488211666,0.5584855351646398
4.0050947475347325,0.649284983901455
4.6735327702831855,0.6326822228399956
5.275741861572714,0.6080785989314432
5.725275725899301,0.5959693994312252
6.339239847275242,0.7789251251261913

2.684754794091364,0.43174480525582726
3.2563252720324316,0.9309661379675547
3.4285446150703414,1.0330478373731902
3.9926986622401066,1.4491889388043973
4.219759399244621,1.5979875513108945
4.608077685889852,2.035007511803256
4.504579135476963,2.166878756902235
3.9058088583223456,2.6232934837623376
3.527011822492176,2.629470430467689
3.0487624341305466,2.7092648858314687
2.570098410260711,2.7248636808359805
2.086306984377281,2.782826346703533
1.7025906609943935,2.922950905793957

2.684754794091364,0.43174480525582726
3.2563252720324316,0.9309661379675547
3.4285446150703414,1.0330478373731902
3.9926986622401066,1.4491889388043973
4.219759399244621,1.5979875513108945
4.608077685889852,2.035007511803256
4.504579135476963,2.166878756902235
3.9058088583223456,2.6232934837623376
3.599230798510562,2.5747849650115584

2.684754794091364,0.43174480525582726
3.2563252720324316,0.9309661379675547
3.4285446150703414,1.0330478373731902
3.9926986622401066,1.4491889388043973
4.219759399244621,1.5979875513108945
4.608077685889852,2.035007511803256
4.593035996940975,2.2906187799065423

2.684754794091364,0.43174480525582726
3.474651488211666,0.5584855351646398
3.643718452027463,0.5804912302111227
4.366478946640356,0.7974108706566075
4.987581635697481,1.0163270368057402
5.657137393436252,1.1969397689687589
6.126420207063474,1.3520792582287675
6.566822441822574,1.9924354660660146
6.5463458915369435,2.2609768557006538

2.684754794091364,0.43174480525582726
3.2563252720324316,0.9309661379675547
3.4285446150703414,1.0330478373731902
3.9926986622401066,1.4491889388043973
4.219759399244621,1.5979875513108945
4.608077685889852,2.035007511803256
4.611495140577324,2.654889982728945
4.650268206509732,3.453949836155584
4.641680341254013,4.208448258315063
4.631298578878421,4.526565618105232
4.708079514333733,5.222983073232468
4.618988559552689,5.578616182903412
4.549069197557638,6.085148775217792
4.086720245460487,6.591578046252829
3.2922290177513203,6.497856708804087
2.619516991938695,6.443430875987378
2.1364576176583654,6.416742105472759
1.755736975180933,6.374255662741872
1.5674247661846534,6.294840288979873
1.2918349502972948,5.61779019113213

2.684754794091364,0.43174480525582726
3.2563252720324316,0.9309661379675547
3.4285446150703414,1.0330478373731902
3.9926986622401066,1.4491889388043973
4.219759399244621,1.5979875513108945
4.608077685889852,2.035007511803256
4.611495140577324,2.654889982728945
4.650268206509732,3.453949836155584
4.641680341254013,4.208448258315063
4.631298578878421,4.526565618105232
4.708079514333733,5.222983073232468
4.618988559552689,5.578616182903412
4.549069197557638,6.085148775217792
4.086720245460487,6.591578046252829
3.2922290177513203,6.497856708804087
2.619516991938695,6.443430875987378
2.1364576176583654,6.416742105472759
1.755736975180933,6.374255662741872
1.3975149805075047,6.115081516079964
1.6828082467800898,5.559462621314652
2.2798274328275054,5.110970680301128

2.684754794091364,0.43174480525582726
3.2563252720324316,0.9309661379675547
3.4285446150703414,1.0330478373731902
3.9926986622401066,1.4491889388043973
4.219759399244621,1.5979875513108945
4.608077685889852,2.035007511803256
4.611495140577324,2.654889982728945
4.650268206509732,3.453949836155584
4.6586794309159405,3.7076134874573587
4.6837448882539645,4.336264356655083

2.684754794091364,0.43174480525582726
3.2563252720324316,0.9309661379675547
3.4285446150703414,1.0330478373731902
3.9926986622401066,1.4491889388043973
4.219759399244621,1.5979875513108945
4.608077685889852,2.035007511803256
4.791056277231578,2.5124799932896185
4.980262287916618,3.0983650559512554
5.262512398162849,3.7404635878188452
5.707079638734565,4.315094119120919
6.343582289464598,4.799722198800215

2.684754794091364,0.43174480525582726
3.2563252720324316,0.9309661379675547
3.4285446150703414,1.0330478373731902
3.9926986622401066,1.4491889388043973
4.219759399244621,1.5979875513108945
4.608077685889852,2.035007511803256
4.611495140577324,2.654889982728945
4.650268206509732,3.453949836155584
4.641680341254013,4.208448258315063
4.631298578878421,4.526565618105232
4.708079514333733,5.222983073232468
4.618988559552689,5.578616182903412
4.549069197557638,6.085148775217792
4.086720245460487,6.591578046252829
3.2922290177513203,6.497856708804087
2.619516991938695,6.443430875987378
2.1364576176583654,6.416742105472759
1.7152056931286226,6.384401174549171

2.684754794091364,0.43174480525582726
3.2563252720324316,0.9309661379675547
3.4285446150703414,1.0330478373731902
3.9926986622401066,1.4491889388043973
4.219759399244621,1.5979875513108945
4.608077685889852,2.035007511803256
4.611495140577324,2.654889982728945
4.650268206509732,3.453949836155584
4.641680341254013,4.208448258315063
4.631298578878421,4.526565618105232
4.708079514333733,5.222983073232468
4.618988559552689,5.578616182903412
4.549069197557638,6.085148775217792
4.12948504967161,6.580302348286421
3.7364237493676606,6.424695148895427

2.684754794091364,0.43174480525582726
3.2563252720324316,0.9309661379675547
3.4285446150703414,1.0330478373731902
3.9926986622401066,1.4491889388043973
4.219759399244621,1.5979875513108945
4.608077685889852,2.035007511803256
4.611495140577324,2.654889982728945
4.650268206509732,3.453949836155584
4.641680341254013,4.208448258315063
4.631298578878421,4.526565618105232
4.708079514333733,5.222983073232468
4.775847186262287,5.896485546381887
4.7345951870679235,6.250697438210313

2.684754794091364,0.43174480525582726
3.2563252720324316,0.9309661379675547
3.4285446150703414,1.0330478373731902
3.9926986622401066,1.4491889388043973
4.219759399244621,1.5979875513108945
4.608077685889852,2.035007511803256
4.791056277231578,2.5124799932896185
4.980262287916618,3.0983650559512554
5.386510163935328,3.786791729656481
5.664866721682813,4.371527378247197
5.896330127052807,4.673727682392462
6.09630752420237,5.24170651409101
6.253715591031811,5.552107065208845
6.533289710054255,6.156770787770079
6.619939483066493,6.408953770993582

3.9703615562660213,0.7461824530685979
4.188594782258182,1.1548376359094374
4.412393858140419,1.5930804270204526
4.422496524078149,2.2211066880650807
4.201037643185908,2.4252191989757725
3.804705144927878,2.582234560330979
3.360285282023207,2.550879084553647
2.6037178542395285,2.493440777899683
2.0404436695166845,2.397830918395196
1.7443463140272701,2.3908497024964173
1.3906060968241354,2.0052344486168483
1.2392616354146282,1.7452765272502297

3.9703615562660213,0.7461824530685979
4.257507727089642,0.6958697850477699

3.9703615562660213,0.7461824530685979
4.360363647986824,0.7912113180211112
4.955830641044554,0.7970337373391234
5.688700018695603,0.7514559893185195
6.309260876805888,0.8080635209978535

3.9703615562660213,0.7461824530685979
4.188594782258182,1.1548376359094374
4.412393858140419,1.5930804270204526
4.422496524078149,2.2211066880650807
4.201037643185908,2.4252191989757725
3.804705144927878,2.582234560330979
3.360285282023207,2.550879084553647
2.6037178542395285,2.493440777899683
2.0404436695166845,2.397830918395196
1.7443463140272701,2.3908497024964173

3.9703615562660213,0.7461824530685979
4.188594782258182,1.1548376359094374
4.412393858140419,1.5930804270204526
4.422496524078149,2.2211066880650807
4.201037643185908,2.4252191989757725
3.7244012034583918,2.75939506444629

3.9703615562660213,0.7461824530685979
4.188594782258182,1.1548376359094374
4.412393858140419,1.5930804270204526
4.427680562224231,2.344282755261343

3.9703615562660213,0.7461824530685979
4.18166036232903,0.8054949896406927
4.927769383508715,1.0701795640228822
5.508043694601705,1.2979928235144775
6.086475317157955,1.573753314061102
6.575456292863046,1.7999939711083717
6.708451983450602,2.2689160844625413

3.9703615562660213,0.7461824530685979
4.16555207854872,1.2406248085572984
4.298053815162546,1.588781054616859
4.498388195965002,2.008536494375961
4.510843877962018,2.38696980969242
4.4569605877051925,3.080886508425673
4.471200656633213,3.826651354099055
4.442986404438773,4.58776193207195
4.462298253539751,4.975836223018079
4.453558690546687,5.731377322573728
4.437903768784923,6.058967467567011
4.319812807592779,6.3835303262416945
4.011035835179358,6.3841114898273945
3.211073451156829,6.391869334179499
2.576337156058588,6.493901246548392
1.8682854568737168,6.5628146989081335
1.6848948975511362,6.306640439065301
1.464752948549151,5.940776966401766
1.5129912751398567,5.67148670829801

3.9703615562660213,0.7461824530685979
4.16555207854872,1.2406248085572984
4.298053815162546,1.588781054616859
4.498388195965002,2.008536494375961
4.510843877962018,2.38696980969242
4.4569605877051925,3.080886508425673
4.471200656633213,3.826651354099055
4.442986404438773,4.58776193207195
4.462298253539751,4.975836223018079
4.453558690546687,5.731377322573728
4.437903768784923,6.058967467567011
4.319812807592779,6.3835303262416945
4.011035835179358,6.3841114898273945
3.211073451156829,6.391869334179499
2.576337156058588,6.493901246548392
1.8682854568737168,6.5628146989081335
1.6848948975511362,6.306640439065301
1.464752948549151,5.940776966401766
1.7523379566182022,5.640308793655774
2.2571667919187344,5.430190198716513

3.9703615562660213,0.7461824530685979
4.16555207854872,1.2406248085572984
4.298053815162546,1.588781054616859
4.498388195965002,2.008536494375961
4.518398181752788,2.3902586915663204
4.585744488318175,2.913715646173954
4.678538046012283,3.620554613621147
4.858472941795242,4.280821391244206

3.9703615562660213,0.7461824530685979
4.16555207854872,1.2406248085572984
4.298053815162546,1.588781054616859
4.579601464102245,2.1137392319882093
4.903299906545008,2.781317403361327
5.094659565440367,3.2467117319055383
5.322304521066511,3.9008327951725663
5.717051150184037,4.596659712444635
6.330676347886205,4.865909249298239

3.9703615562660213,0.7461824530685979
4.16555207854872,1.2406248085572984
4.298053815162546,1.588781054616859
4.498388195965002,2.008536494375961
4.510843877962018,2.38696980969242
4.4569605877051925,3.080886508425673
4.471200656633213,3.826651354099055
4.442986404438773,4.58776193207195
4.462298253539751,4.975836223018079
4.453558690546687,5.731377322573728
4.437903768784923,6.058967467567011
4.319812807592779,6.3835303262416945
4.018742807373627,6.449242939924417
3.245782327182496,6.617321842295925
2.469559151024577,6.740424901495051
1.6924613376635378,6.810524795251838

3.9703615562660213,0.7461824530685979
4.16555207854872,1.2406248085572984
4.298053815162546,1.588781054616859
4.498388195965002,2.008536494375961
4.510843877962018,2.38696980969242
4.4569605877051925,3.080886508425673
4.471200656633213,3.826651354099055
4.442986404438773,4.58776193207195
4.462298253539751,4.975836223018079
4.453558690546687,5.731377322573728
4.437903768784923,6.058967467567011
4.319812807592779,6.3835303262416945
4.066641636365321,6.6497802151869125
3.716066233115906,7.005564319503547

3.9703615562660213,0.7461824530685979
4.16555207854872,1.2406248085572984
4.298053815162546,1.588781054616859
4.498388195965002,2.008536494375961
4.518398181752788,2.3902586915663204
4.585744488318175,2.913715646173954
4.678538046012283,3.620554613621147
4.736879492165893,3.9249725989789677
4.789450844025658,4.469914806757052
4.859438371342588,5.208407311811296
4.839925350941145,5.4982942022639305
4.844178480697647,6.2982828964885895

3.9703615562660213,0.7461824530685979
4.16555207854872,1.2406248085572984
4.298053815162546,1.588781054616859
4.579601464102245,2.1137392319882093
4.903299906545008,2.781317403361327
5.094659565440367,3.2467117319055383
5.322304521066511,3.9008327951725663
5.717051150184037,4.596659712444635
5.7729882236714865,4.700683307561335
6.139373836423678,5.366386898355395
6.4080776016648855,5.814594987450036
6.499521822954183,6.250867510014544

3.7737552219186323,0.4400390761263355
4.204123906045171,1.114414932547064
4.379227702140398,1.4703268583774558
4.503608559181652,2.260598585318059
3.9321868650227185,2.453713349744709
3.6992212755400837,2.5130590253893375
2.912666664769249,2.5671633569259362
2.1193908390207734,2.5040464778773686
1.5145871489432354,2.2415513008124157
1.0704643379253356,1.6115697056361005

3.7737552219186323,0.4400390761263355
4.267324240849768,0.30383764265435165

3.7737552219186323,0.4400390761263355
4.428290886230126,0.34646365479908203
4.971205357229107,0.43803692653219506
5.705274534917139,0.33792643457774485
6.280262220109286,0.3677955663925138

3.7737552219186323,0.4400390761263355
4.204123906045171,1.114414932547064
4.379227702140398,1.4703268583774558
4.503608559181652,2.260598585318059
3.9321868650227185,2.453713349744709
3.6992212755400837,2.5130590253893375
2.912666664769249,2.5671633569259362
2.1193908390207734,2.5040464778773686
1.7136334290364985,2.5080183622808256

3.7737552219186323,0.4400390761263355
4.204123906045171,1.114414932547064
4.379227702140398,1.4703268583774558
4.503608559181652,2.260598585318059
3.748937087692778,2.52606227421132

3.7737552219186323,0.4400390761263355
4.204123906045171,1.114414932547064
4.379227702140398,1.4703268583774558
4.503608559181652,2.260598585318059

3.7737552219186323,0.4400390761263355
4.129598706522807,0.6548343077846472
4.567656030036186,0.876895719868622
5.282523632493922,1.1849797276489327
5.435896076405028,1.238539234413334
6.072967200946739,1.5039875753638974
6.468917637226825,1.8255469140980225
6.600830421557926,2.264075284468195

3.7737552219186323,0.4400390761263355
4.019601309644652,0.9372840842546889
4.265691605265779,1.5078668791760732
4.547520180008204,2.09857867247342
4.516339420846563,2.479534888525668
4.460212264256608,2.9364463111912227
4.5179216229543115,3.4907881608004105
4.44195956303697,4.287173598545925
4.4466778357083525,5.030663010461659
4.393279128858048,5.543852818588893
4.423329883645394,6.217745454296747
4.2659827817697185,6.366175390199337
3.8760347124139938,6.490282825800879
3.390505804215267,6.483953074440659
2.788057370288361,6.487609608585632
2.179704061166154,6.443796909216572
1.872905829119949,6.417340009252723
1.4875513854570501,6.2378875193361045
1.3543928357388604,5.509261950634238

3.7737552219186323,0.4400390761263355
4.019601309644652,0.9372840842546889
4.265691605265779,1.5078668791760732
4.547520180008204,2.09857867247342
4.516339420846563,2.479534888525668
4.460212264256608,2.9364463111912227
4.5179216229543115,3.4907881608004105
4.44195956303697,4.287173598545925
4.4466778357083525,5.030663010461659
4.393279128858048,5.543852818588893
4.423329883645394,6.217745454296747
4.2659827817697185,6.366175390199337
3.8760347124139938,6.490282825800879
3.390505804215267,6.483953074440659
2.788057370288361,6.487609608585632
2.179704061166154,6.443796909216572
1.872905829119949,6.417340009252723
1.4875513854570501,6.2378875193361045
1.6232461243400373,5.5006134875094
2.4231590136989363,5.488808004143686

3.7737552219186323,0.4400390761263355
4.019601309644652,0.9372840842546889
4.265691605265779,1.5078668791760732
4.547520180008204,2.09857867247342
4.516339420846563,2.479534888525668
4.56910791780955,3.243062639581077
4.631794923853487,3.503158811608686
4.649380013905514,4.256769072667773

3.7737552219186323,0.4400390761263355
4.019601309644652,0.9372840842546889
4.265691605265779,1.5078668791760732
4.547520180008204,2.09857867247342
4.739022221502788,2.483496398222109
5.060311433520945,3.185060214911926
5.3063150249846265,3.808996064899812
5.705052587454564,4.44307157889873
6.432941930698577,4.484337883725372

3.7737552219186323,0.4400390761263355
4.019601309644652,0.9372840842546889
4.265691605265779,1.5078668791760732
4.547520180008204,2.09857867247342
4.516339420846563,2.479534888525668
4.460212264256608,2.9364463111912227
4.5179216229543115,3.4907881608004105
4.44195956303697,4.287173598545925
4.4466778357083525,5.030663010461659
4.393279128858048,5.543852818588893
4.423329883645394,6.217745454296747
4.2659827817697185,6.366175390199337
3.8760347124139938,6.490282825800879
3.3873205148927017,6.535960304251671
2.6541827246848353,6.589405149407532
2.1649075365528914,6.651183396311253
1.619917481279193,6.6940860325194995

3.7737552219186323,0.4400390761263355
4.019601309644652,0.9372840842546889
4.265691605265779,1.5078668791760732
4.547520180008204,2.09857867247342
4.516339420846563,2.479534888525668
4.460212264256608,2.9364463111912227
4.5179216229543115,3.4907881608004105
4.44195956303697,4.287173598545925
4.4466778357083525,5.030663010461659
4.393279128858048,5.543852818588893
4.423329883645394,6.217745454296747
4.2659827817697185,6.366175390199337
3.6772249020411922,6.624910025379508

3.7737552219186323,0.4400390761263355
4.019601309644652,0.9372840842546889
4.265691605265779,1.5078668791760732
4.547520180008204,2.09857867247342
4.516339420846563,2.479534888525668
4.56910791780955,3.243062639581077
4.631794923853487,3.503158811608686
4.74098454677445,4.258732397100543
4.775691203498505,4.36927670547078
4.956984715378039,5.106786134625839
5.129103040812838,5.83358624341135
5.243869065613763,6.258118793363376

3.7737552219186323,0.4400390761263355
4.019601309644652,0.9372840842546889
4.265691605265779,1.5078668791760732
4.547520180008204,2.09857867247342
4.739022221502788,2.483496398222109
5.060311433520945,3.185060214911926
5.3063150249846265,3.808996064899812
5.47549234846364,4.148514412134017
5.787886874794511,4.706629267129916
6.174060638420163,5.376009870145263
6.368443245654951,5.605783907821688
6.439354479888223,6.335460544252214

3.4399752923183775,1.0835457968962319
4.071457146175743,1.490719070910647
4.388644806097294,1.6689871426193177
4.475560253722826,2.0937658488508513
4.313125746862984,2.398637152189789
3.591878150293028,2.4095223611554544
3.303781114900803,2.4131249816909905
2.577276002704633,2.4205377411897544
1.7790887542821132,2.4743626095656905
1.6028560807050318,2.1600055970495133
1.398684213295485,1.4938075760738112

3.4399752923183775,1.0835457968962319
3.488642742040576,1.0739512340424775
4.2769049133720225,1.0335127270438642

3.4399752923183775,1.0835457968962319
3.6977347579697466,1.126009950629411
4.403602661493036,1.2324865676593455
5.155736078639364,1.3124506969653909
5.576817906952614,1.360544718288781
6.3768130934171365,1.3633199000113236

3.4399752923183775,1.0835457968962319
4.071457146175743,1.490719070910647
4.388644806097294,1.6689871426193177
4.475560253722826,2.0937658488508513
4.1421440507690725,2.5160403801306006
3.4815193874383126,2.7141113696207357
2.7479687308989162,2.9885140620445716
2.5606578168632885,3.0495095133320698
1.9580165220507268,3.32936139340171
1.7454624657727402,3.3498067349041487

3.4399752923183775,1.0835457968962319
4.071457146175743,1.490719070910647
4.388644806097294,1.6689871426193177
4.475560253722826,2.0937658488508513
4.313125746862984,2.398637152189789
3.6485331467877384,2.55322783792111

3.4399752923183775,1.0835457968962319
4.071457146175743,1.490719070910647
4.388644806097294,1.6689871426193177
4.475560253722826,2.0937658488508513
4.313125746862984,2.398637152189789

3.4399752923183775,1.0835457968962319
3.6977347579697466,1.126009950629411
4.403602661493036,1.2324865676593455
5.155736078639364,1.3124506969653909
5.576817906952614,1.360544718288781
6.362368169991158,1.5119078057311093
6.521583556066763,2.295904273093556

3.4399752923183775,1.0835457968962319
4.071457146175743,1.490719070910647
4.388644806097294,1.6689871426193177
4.475560253722826,2.0937658488508513
4.349090933652479,2.6253471454755517
4.554787163708756,3.3383678799588923
4.601945237528424,3.840022155439438
4.651343001258451,4.3169148922277145
4.515806216395641,4.990527499805687
4.514159554721452,5.2948418850236045
4.408332910306913,6.077992884825803
4.324329526205289,6.40033071446347
3.813494435749447,6.436428186990609
3.0656241945832097,6.519710772001044
2.2729949998787133,6.52444906300286
1.4881291830833812,6.3695760517123325
1.5804539670120352,5.9490179941246595
1.6756983932772562,5.690947020279537

3.4399752923183775,1.0835457968962319
4.071457146175743,1.490719070910647
4.388644806097294,1.6689871426193177
4.475560253722826,2.0937658488508513
4.349090933652479,2.6253471454755517
4.554787163708756,3.3383678799588923
4.601945237528424,3.840022155439438
4.651343001258451,4.3169148922277145
4.515806216395641,4.990527499805687
4.514159554721452,5.2948418850236045
4.408332910306913,6.077992884825803
4.324329526205289,6.40033071446347
3.813494435749447,6.436428186990609
3.0656241945832097,6.519710772001044
2.2729949998787133,6.52444906300286
1.4881291830833812,6.3695760517123325
1.5804539670120352,5.9490179941246595
1.6756983932772562,5.690947020279537
2.3812285983036316,5.313816897118524

3.4399752923183775,1.0835457968962319
4.071457146175743,1.490719070910647
4.388644806097294,1.6689871426193177
4.475560253722826,2.0937658488508513
4.349090933652479,2.6253471454755517
4.554787163708756,3.3383678799588923
4.601945237528424,3.840022155439438
4.651343001258451,4.3169148922277145

3.4399752923183775,1.0835457968962319
4.071457146175743,1.490719070910647
4.530813070975766,1.8462598173751283
4.651322681895227,2.147418478166789
4.943952021809757,2.639403851400034
5.190651622114472,3.160565990029321
5.425899969014535,3.7913487001226134
5.616486510006372,4.340313399291985
5.833076767403295,4.528573437464873
6.338896853937492,4.77646268230256

3.4399752923183775,1.0835457968962319
4.071457146175743,1.490719070910647
4.388644806097294,1.6689871426193177
4.475560253722826,2.0937658488508513
4.349090933652479,2.6253471454755517
4.554787163708756,3.3383678799588923
4.601945237528424,3.840022155439438
4.651343001258451,4.3169148922277145
4.515806216395641,4.990527499805687
4.514159554721452,5.2948418850236045
4.408332910306913,6.077992884825803
4.324329526205289,6.40033071446347
3.5908418489442915,6.485917165681238
2.888317240205892,6.5431667282144925
2.481183149013339,6.598983765521408
1.6938779930786407,6.740936544425662

3.4399752923183775,1.0835457968962319
4.071457146175743,1.490719070910647
4.388644806097294,1.6689871426193177
4.475560253722826,2.0937658488508513
4.349090933652479,2.6253471454755517
4.554787163708756,3.3383678799588923
4.601945237528424,3.840022155439438
4.651343001258451,4.3169148922277145
4.515806216395641,4.990527499805687
4.514159554721452,5.2948418850236045
4.408332910306913,6.077992884825803
4.324329526205289,6.40033071446347
3.666063977526048,6.7028825015949005

3.4399752923183775,1.0835457968962319
4.071457146175743,1.490719070910647
4.388644806097294,1.6689871426193177
4.475560253722826,2.0937658488508513
4.349090933652479,2.6253471454755517
4.554787163708756,3.3383678799588923
4.601945237528424,3.840022155439438
4.651343001258451,4.3169148922277145
4.612655904368838,5.115978912525371
4.484306567896847,5.789907116849086
4.4957099913984075,6.260702115981879

3.4399752923183775,1.0835457968962319
4.071457146175743,1.490719070910647
4.530813070975766,1.8462598173751283
4.651322681895227,2.147418478166789
4.943952021809757,2.639403851400034
5.190651622114472,3.160565990029321
5.425899969014535,3.7913487001226134
5.616486510006372,4.340313399291985
5.8466791164985,4.660537669662535
6.079551831339396,5.049375206373371
6.448314043380049,5.742350791684417
6.663617336574816,6.2764142342920275

