3.039629012838246,7.391147893196044
3.3536643565596727,7.263534551390418
3.8818587872312955,6.812051498551852
4.294319504008992,6.593486786182391
4.4307326099902795,5.940595630116517
4.501417549241405,5.2619263632525906
4.537074819046899,4.555325973287089
4.378751871377059,3.828582037399785
4.2406006128255775,3.499934610950376
3.7850921790175813,3.3565173317353545
3.0047439166284593,3.1802885333331696
2.3494487827069763,2.9495928343349958
1.974480201919249,2.8102374471344667
1.4854483665531772,2.177111974579072
1.3198649212527325,1.7473514557336711

3.039629012838246,7.391147893196044
3.3536643565596727,7.263534551390418
3.8818587872312955,6.812051498551852
4.294319504008992,6.593486786182391
4.4307326099902795,5.940595630116517
4.501417549241405,5.2619263632525906
4.537074819046899,4.555325973287089
4.526556631423674,4.2206191016154815
4.427985312203859,3.4967716882791535
4.449681539354337,2.6998064289873236
4.461385614914515,2.4354308870884624
4.42916232668632,1.636080113212711
3.6395051491154944,1.5523464615373261

3.039629012838246,7.391147893196044
3.3536643565596727,7.263534551390418
3.8818587872312955,6.812051498551852
4.294319504008992,6.593486786182391
4.4307326099902795,5.940595630116517
4.501417549241405,5.2619263632525906
4.537074819046899,4.555325973287089
4.596057047316366,4.11446040264317
4.639596094082045,3.505300663156101
4.642814396923248,3.138976362541158
4.72534031455109,2.437177391457967
4.712064280360273,1.7139830302911614

3.039629012838246,7.391147893196044
3.3536643565596727,7.263534551390418
3.8818587872312955,6.812051498551852
4.294319504008992,6.593486786182391
4.4307326099902795,5.940595630116517
4.501417549241405,5.2619263632525906
4.7809011470389065,4.512333861581073
4.85067545761778,4.1329005931139635
5.000380690734652,3.5085633207526827
5.176750025919085,2.876880713916103
5.355952348927103,2.2323320608951205
5.509021800934911,1.9557050757123857
5.738728481724214,1.6347882636410873
6.3449077505241345,1.5021565382968192

3.039629012838246,7.391147893196044
3.3536643565596727,7.263534551390418
3.8818587872312955,6.812051498551852
4.294319504008992,6.593486786182391
4.4307326099902795,5.940595630116517
4.501417549241405,5.2619263632525906
4.537074819046899,4.555325973287089
4.378751871377059,3.828582037399785
4.2406006128255775,3.499934610950376
4.138167285058567,3.4958356469718948
3.4247271360030855,3.4556377968573035
2.6388838996479036,3.35146956557292
2.14171985913242,3.3429710575914204
1.713414672356671,3.2805906254853068

3.039629012838246,7.391147893196044
3.3536643565596727,7.263534551390418
3.8818587872312955,6.812051498551852
4.294319504008992,6.593486786182391
4.4307326099902795,5.940595630116517
4.501417549241405,5.2619263632525906
4.537074819046899,4.555325973287089
4.378751871377059,3.828582037399785
4.2406006128255775,3.499934610950376
3.6978298812495414,3.5798280753628218

3.039629012838246,7.391147893196044
3.3536643565596727,7.263534551390418
3.8818587872312955,6.812051498551852
4.294319504008992,6.593486786182391
4.493102023505555,6.065333866555983
4.692230057483162,5.396065978289473
4.7918205190017655,5.226722026482293
4.988932957029375,4.647816301722771
5.19425769541553,4.099134492647815
5.214987470640563,3.6869304792927564

3.039629012838246,7.391147893196044
3.3536643565596727,7.263534551390418
3.8818587872312955,6.812051498551852
4.294319504008992,6.593486786182391
4.4307326099902795,5.940595630116517
4.501417549241405,5.2619263632525906
4.7809011470389065,4.512333861581073
4.85067545761778,4.1329005931139635
5.000380690734652,3.5085633207526827
5.176750025919085,2.876880713916103
5.355952348927103,2.2323320608951205
5.509021800934911,1.9557050757123857
5.738728481724214,1.6347882636410873
5.9210790222070315,1.5602968098714711
6.414510621016938,1.5876171258389404
6.445091100289506,2.2958588102034763

3.039629012838246,7.391147893196044
2.7808144053650143,7.2731330836360595
2.1209729737310865,6.820795504941465
1.6161628940360173,6.319434587366006
1.5305079718255539,5.984635420618383
1.6791707958863222,5.6586935949995025

3.039629012838246,7.391147893196044
2.7808144053650143,7.2731330836360595
2.1209729737310865,6.820795504941465
1.6161628940360173,6.319434587366006
1.5305079718255539,5.984635420618383
1.6791707958863222,5.6586935949995025
2.455186078353224,5.464270650422957

3.039629012838246,7.391147893196044
3.3536643565596727,7.263534551390418
3.8818587872312955,6.812051498551852
4.43175749720445,6.412604245453558
4.542935625859573,6.282071585360963
4.973720371579209,5.736839965033498

3.039629012838246,7.391147893196044
3.3536643565596727,7.263534551390418
3.8818587872312955,6.812051498551852
4.378941485100363,6.504361032270362
4.76158722044472,6.247200030627436
5.131814546583549,6.012957439012999
5.682320090425132,5.697903049515058
5.896323873321508,5.57045964656713
6.324226282694629,5.549887930912488

3.039629012838246,7.391147893196044
2.7808144053650143,7.2731330836360595
2.0871048558333727,7.019948219918168
1.7350860598837063,6.969246394116051

3.039629012838246,7.391147893196044
3.6963510912344657,7.407342965109291
4.279733190551021,7.3933537997913445

3.039629012838246,7.391147893196044
3.3536643565596727,7.263534551390418
3.8818587872312955,6.812051498551852
4.378941485100363,6.504361032270362
4.76158722044472,6.247200030627436
5.131814546583549,6.012957439012999
5.682320090425132,5.697903049515058
5.896323873321508,5.57045964656713
6.249835583406436,5.573865240073472
6.486608773649598,5.974072419639553
6.677264219081738,6.26777665172619

3.072456433280391,6.719576235581175
3.586747432795196,6.569534408049083
4.264711122679939,6.44602240269197
4.407960433227306,6.094148969811545
4.521651736216681,5.485907552476689
4.4237403940768685,4.7272893662048165
4.54337424870387,4.25120034430706
4.392177884794537,3.7179554354624207
3.737718742249839,3.4404047511998392
3.021014997231455,3.139818547821375
2.320824064975976,2.752865503658128
1.7555570128495197,2.447751984303116
1.4382281611616812,1.9789324638506907
1.37544459814175,1.6392858824224723

3.072456433280391,6.719576235581175
3.586747432795196,6.569534408049083
4.264711122679939,6.44602240269197
4.407960433227306,6.094148969811545
4.521651736216681,5.485907552476689
4.4237403940768685,4.7272893662048165
4.5367453581972566,4.05963440582114
4.521611397650517,3.280679033768757
4.512839268393359,2.7920463745207744
4.513602781093275,2.22713337574315
4.338419379048691,1.624733110107754
4.014968748340683,1.3765191735190005
3.657460756348404,1.132081569617863

3.072456433280391,6.719576235581175
3.586747432795196,6.569534408049083
4.264711122679939,6.44602240269197
4.407960433227306,6.094148969811545
4.521651736216681,5.485907552476689
4.4237403940768685,4.7272893662048165
4.5367453581972566,4.05963440582114
4.521611397650517,3.280679033768757
4.512839268393359,2.7920463745207744
4.513602781093275,2.22713337574315
4.483953420892141,1.7286488380641796

3.072456433280391,6.719576235581175
3.586747432795196,6.569534408049083
4.264711122679939,6.44602240269197
4.407960433227306,6.094148969811545
4.581752366125652,5.669713402340288
4.735853116225501,5.205966159931305
4.92878022637335,4.622557590753573
5.074007000064809,3.8593491456920797
5.208621857191905,3.322688306786095
5.4544466422666655,2.5613932424102988
5.5663686027513215,2.034578747976228
5.694888605042609,1.5707088213105633
6.277613100623886,1.2568450464829075

3.072456433280391,6.719576235581175
3.586747432795196,6.569534408049083
4.264711122679939,6.44602240269197
4.407960433227306,6.094148969811545
4.521651736216681,5.485907552476689
4.4237403940768685,4.7272893662048165
4.54337424870387,4.25120034430706
4.392177884794537,3.7179554354624207
3.737718742249839,3.4404047511998392
3.1707139889947347,3.2530788893083136
2.4692181571243927,3.304153454865574
1.742664220396792,3.1576963875034227

3.072456433280391,6.719576235581175
3.586747432795196,6.569534408049083
4.264711122679939,6.44602240269197
4.407960433227306,6.094148969811545
4.521651736216681,5.485907552476689
4.4237403940768685,4.7272893662048165
4.54337424870387,4.25120034430706
4.392177884794537,3.7179554354624207
3.737718742249839,3.4404047511998392

3.072456433280391,6.719576235581175
3.586747432795196,6.569534408049083
4.264711122679939,6.44602240269197
4.407960433227306,6.094148969811545
4.521651736216681,5.485907552476689
4.4237403940768685,4.7272893662048165
4.5367453581972566,4.05963440582114
4.429057857378827,3.7457848758658305

3.072456433280391,6.719576235581175
3.586747432795196,6.569534408049083
4.264711122679939,6.44602240269197
4.407960433227306,6.094148969811545
4.581752366125652,5.669713402340288
4.735853116225501,5.205966159931305
4.92878022637335,4.622557590753573
5.074007000064809,3.8593491456920797
5.208621857191905,3.322688306786095
5.4544466422666655,2.5613932424102988
5.5663686027513215,2.034578747976228
5.694888605042609,1.5707088213105633
6.421853580452554,1.6359967023712456
6.536306447546468,2.3017700189572965

3.072456433280391,6.719576235581175
2.3334747047302655,6.6411126947742725
1.6098754526040762,6.350617484067586
1.573883121869009,5.580562630297876

3.072456433280391,6.719576235581175
2.3334747047302655,6.6411126947742725
1.6098754526040762,6.350617484067586
1.573883121869009,5.580562630297876
2.363673286754328,5.562783137480715

3.072456433280391,6.719576235581175
3.586747432795196,6.569534408049083
4.264711122679939,6.44602240269197
4.407960433227306,6.094148969811545
4.581752366125652,5.669713402340288

3.072456433280391,6.719576235581175
3.586747432795196,6.569534408049083
4.257348356423436,6.388735101812361
4.8565736941492705,5.996805297851116
5.53258390105563,5.660306831114973
6.086925185663511,5.580028011267783
6.255746342470905,5.622762253413151

3.072456433280391,6.719576235581175
2.3257659746687582,7.006723164901949
1.7282204669819716,7.145254924152987

3.072456433280391,6.719576235581175
3.586747432795196,6.569534408049083
4.264711122679939,6.44602240269197

3.072456433280391,6.719576235581175
3.586747432795196,6.569534408049083
4.257348356423436,6.388735101812361
4.8565736941492705,5.996805297851116
5.53258390105563,5.660306831114973
6.086925185663511,5.580028011267783
6.255746342470905,5.622762253413151
6.694981899577665,6.251030964338968

3.540777141521012,7.496876442395491
3.8521044389263315,7.03361595416224
4.285727752903118,6.467199896559356
4.483103871230782,5.913281855334714
4.56227881466854,5.166964807272377
4.5636112813690755,4.864243383440738
4.665283009442516,4.070730396961903
4.146709949043746,3.521412422801619
3.6607211530954706,3.458041920673787
3.0555964846398234,2.934759840313258
2.5481571368449267,2.686736958391893
1.7745659852465931,2.4828822793463434
1.4851258062131976,2.054980584602911
1.424633245807797,1.4504394689257096

3.540777141521012,7.496876442395491
3.8521044389263315,7.03361595416224
4.285727752903118,6.467199896559356
4.483103871230782,5.913281855334714
4.56227881466854,5.166964807272377
4.5636112813690755,4.864243383440738
4.561071560203157,4.303254822027322
4.470557077398048,3.579191040460773
4.4585133757300675,2.8510131610144014
4.494103159536145,2.1361460182382506
4.470472625135736,1.8747685953871545
4.177290156566011,1.5437005987669936
3.663025256230279,1.5997240915929523

3.540777141521012,7.496876442395491
3.8521044389263315,7.03361595416224
4.285727752903118,6.467199896559356
4.483103871230782,5.913281855334714
4.56227881466854,5.166964807272377
4.5636112813690755,4.864243383440738
4.561071560203157,4.303254822027322
4.470557077398048,3.579191040460773
4.4585133757300675,2.8510131610144014
4.494103159536145,2.1361460182382506
4.436543375746989,1.7081659068774175

3.540777141521012,7.496876442395491
3.8521044389263315,7.03361595416224
4.285727752903118,6.467199896559356
4.483103871230782,5.913281855334714
4.56227881466854,5.166964807272377
4.5636112813690755,4.864243383440738
4.788693453889451,4.173221044588226
5.030265698373091,3.410565912372402
5.235405440016844,2.7254363342135557
5.484149444078828,1.983525227927886
5.72311755220972,1.633950297509629
6.256594417881731,1.5846193727926365

3.540777141521012,7.496876442395491
3.8521044389263315,7.03361595416224
4.285727752903118,6.467199896559356
4.483103871230782,5.913281855334714
4.56227881466854,5.166964807272377
4.5636112813690755,4.864243383440738
4.665283009442516,4.070730396961903
4.146709949043746,3.521412422801619
3.6607211530954706,3.458041920673787
2.9513823565628323,3.4199486634746745
2.1522864912000084,3.381925013465249
1.6627616425628493,3.2266952257356776

3.540777141521012,7.496876442395491
3.8521044389263315,7.03361595416224
4.285727752903118,6.467199896559356
4.483103871230782,5.913281855334714
4.56227881466854,5.166964807272377
4.5636112813690755,4.864243383440738
4.665283009442516,4.070730396961903
4.146709949043746,3.521412422801619
3.6607211530954706,3.458041920673787

3.540777141521012,7.496876442395491
3.8521044389263315,7.03361595416224
4.285727752903118,6.467199896559356
4.483103871230782,5.913281855334714
4.56227881466854,5.166964807272377
4.591395304800758,4.512199348386897
4.676478092090773,3.7339885978004124

3.540777141521012,7.496876442395491
3.8521044389263315,7.03361595416224
4.285727752903118,6.467199896559356
4.483103871230782,5.913281855334714
4.56227881466854,5.166964807272377
4.5636112813690755,4.864243383440738
4.788693453889451,4.173221044588226
5.030265698373091,3.410565912372402
5.235405440016844,2.7254363342135557
5.484149444078828,1.983525227927886
5.72311755220972,1.633950297509629
6.256594417881731,1.5846193727926365
6.802896509502398,2.1501892331723402
6.874963214337655,2.2617889169856094

3.540777141521012,7.496876442395491
3.138341120162319,7.162540617573937
2.6895924233042448,6.762686613904915
1.9278138500272406,6.5183642749834565
1.600008752652927,6.224918072341387
1.1670455227419188,5.740094589017789

3.540777141521012,7.496876442395491
3.138341120162319,7.162540617573937
2.6895924233042448,6.762686613904915
1.9278138500272406,6.5183642749834565
1.600008752652927,6.224918072341387
1.4006628262076046,5.875023145091596
1.7887278667089581,5.625509988287428
1.8736666125262071,5.590128886308403
2.5567520951759795,5.3834885143547835

3.540777141521012,7.496876442395491
3.8521044389263315,7.03361595416224
4.285727752903118,6.467199896559356
4.483103871230782,5.913281855334714
4.422169561499801,5.665501761888906

3.540777141521012,7.496876442395491
4.0050575201307215,7.116790104899868
4.531672146190644,6.611493067737533
4.8967797881248885,6.207487301942121
5.149965591154589,5.9776397911438295
5.718036133354554,5.490178875642167
6.258602532882226,5.616112038752505

3.540777141521012,7.496876442395491
3.454672952312409,7.496038227795797
2.717082797866585,7.368678343349107
2.2659249707467497,7.250054998148528
1.7321228401992363,7.19171219015104

3.540777141521012,7.496876442395491
4.254555534455755,7.482332215111825

3.540777141521012,7.496876442395491
4.0050575201307215,7.116790104899868
4.531672146190644,6.611493067737533
4.8967797881248885,6.207487301942121
5.149965591154589,5.9776397911438295
5.718036133354554,5.490178875642167
6.258602532882226,5.616112038752505
6.635817945737007,6.090029524163848
6.636637190927257,6.439516486255296

2.656127451566036,6.94107144588964
2.7131712996705275,6.942335226190611
3.455793350872705,6.668839070330046
4.0316059811427305,6.46138709094002
4.411970146954701,6.287424503883126
4.4815048324439495,5.831620863798585
4.467502577112896,5.305151362858513
4.411209358698245,4.5071343996550235
4.416726602494041,3.7675676870145103
3.9050647342166687,3.1525862787175525
3.248967288145187,2.937817039793125
2.6935743671512467,2.7643683849660965
2.050270651354632,2.4881008390492374
1.4475617526290363,2.298660537140311
1.3925356421089325,1.7302852141412837

2.656127451566036,6.94107144588964
2.7131712996705275,6.942335226190611
3.455793350872705,6.668839070330046
4.0316059811427305,6.46138709094002
4.411970146954701,6.287424503883126
4.4815048324439495,5.831620863798585
4.467502577112896,5.305151362858513
4.531295511811819,4.705112284685223
4.480574508832712,3.9678753834710134
4.513822170674375,3.1685665614365868
4.563051539872562,2.554136686661078
4.587035091596403,2.2175697431308237
4.456239411790001,1.4283343598996985
4.121381352445319,1.2924227209030772
3.7131107382023716,1.1012288126285625

2.656127451566036,6.94107144588964
2.7131712996705275,6.942335226190611
3.455793350872705,6.668839070330046
4.0316059811427305,6.46138709094002
4.411970146954701,6.287424503883126
4.563767866475616,5.564001552985537
4.686620659367433,4.8483400854889815
4.79492696042599,4.440552629588689
4.980644287673926,3.7885239025684547
5.157287306681064,3.0897520836069763
5.2364887859554745,2.825415045108653
5.440644528688469,2.051903291669095
5.451561773639592,1.743841238806688

2.656127451566036,6.94107144588964
2.7131712996705275,6.942335226190611
3.455793350872705,6.668839070330046
4.0316059811427305,6.46138709094002
4.411970146954701,6.287424503883126
4.563767866475616,5.564001552985537
4.686620659367433,4.8483400854889815
4.79492696042599,4.440552629588689
4.980644287673926,3.7885239025684547
5.157287306681064,3.0897520836069763
5.2364887859554745,2.825415045108653
5.440644528688469,2.051903291669095
5.541301424300689,1.7334509393169144
6.2677680029094756,1.4519258927315946

2.656127451566036,6.94107144588964
2.7131712996705275,6.942335226190611
3.455793350872705,6.668839070330046
4.0316059811427305,6.46138709094002
4.411970146954701,6.287424503883126
4.4815048324439495,5.831620863798585
4.467502577112896,5.305151362858513
4.411209358698245,4.5071343996550235
4.416726602494041,3.7675676870145103
4.071115412463654,3.2595785728533193
3.3411685705717473,3.3842091362595546
2.8803264734619334,3.4531637848092465
2.0978284551900517,3.5914250200617372
1.7032025082771507,3.620737745887399

2.656127451566036,6.94107144588964
2.7131712996705275,6.942335226190611
3.455793350872705,6.668839070330046
4.0316059811427305,6.46138709094002
4.411970146954701,6.287424503883126
4.4815048324439495,5.831620863798585
4.467502577112896,5.305151362858513
4.411209358698245,4.5071343996550235
4.416726602494041,3.7675676870145103
4.071115412463654,3.2595785728533193
3.6802612937214643,3.442951863523221

2.656127451566036,6.94107144588964
2.7131712996705275,6.942335226190611
3.455793350872705,6.668839070330046
4.0316059811427305,6.46138709094002
4.411970146954701,6.287424503883126
4.563767866475616,5.564001552985537
4.686620659367433,4.8483400854889815
4.79492696042599,4.440552629588689
4.7672794957779185,3.732447386369059

2.656127451566036,6.94107144588964
2.7131712996705275,6.942335226190611
3.455793350872705,6.668839070330046
4.0316059811427305,6.46138709094002
4.411970146954701,6.287424503883126
4.563767866475616,5.564001552985537
4.686620659367433,4.8483400854889815
4.79492696042599,4.440552629588689
4.980644287673926,3.7885239025684547
5.157287306681064,3.0897520836069763
5.2364887859554745,2.825415045108653
5.440644528688469,2.051903291669095
5.541301424300689,1.7334509393169144
6.011211992127555,1.4978350301266772
6.332594287467743,1.6680876439670405
6.43182363373608,2.084993449204727
6.3883266992789975,2.380912422159195

2.656127451566036,6.94107144588964
2.0628134856974367,6.638405845524288
1.5995146809279341,6.3607798617048665
1.5699191155066796,5.572731685867269

2.656127451566036,6.94107144588964
2.0628134856974367,6.638405845524288
1.5995146809279341,6.3607798617048665
1.5510673897400478,5.9151618804860835
1.7168960351613163,5.540288264860155
2.278846487736648,5.525446936031945

2.656127451566036,6.94107144588964
2.7131712996705275,6.942335226190611
3.455793350872705,6.668839070330046
4.0316059811427305,6.46138709094002
4.411970146954701,6.287424503883126
4.385387384833839,5.685675889787938

2.656127451566036,6.94107144588964
2.7131712996705275,6.942335226190611
3.455793350872705,6.668839070330046
4.0316059811427305,6.46138709094002
4.411970146954701,6.287424503883126
5.148716955648513,5.996989573500539
5.649452491682859,5.651263064098181
6.009227407254871,5.592260146358166
6.419279303611766,5.658583524260218

2.656127451566036,6.94107144588964
1.991603256040392,7.065542947520341
1.7305051442643842,7.149982939825385

2.656127451566036,6.94107144588964
3.397708848342687,7.056189825900789
4.0525218226659705,7.157556469575394
4.288606544322637,7.215188182543698

2.656127451566036,6.94107144588964
2.7131712996705275,6.942335226190611
3.455793350872705,6.668839070330046
4.0316059811427305,6.46138709094002
4.411970146954701,6.287424503883126
5.148716955648513,5.996989573500539
5.649452491682859,5.651263064098181
6.009227407254871,5.592260146358166
6.419279303611766,5.658583524260218
6.712714952099394,6.303015304352539

3.767910663627303,6.780167892959133
4.411173502496734,6.3384974860322245
4.411503934413097,6.17586373034405
4.498022122120477,5.511589413557305
4.518757943549276,4.711858192640131
4.448662622667046,4.207307633364339
4.394727820597702,3.7207926455794347
4.171708517404162,3.5819539409928587
3.4597625547361854,3.2170800638232704
2.7509976156974902,2.8591930697743306
2.4572253395812957,2.719770861839531
1.7293731352877817,2.3877600657724862
1.341933768483187,1.6878381150879438

3.767910663627303,6.780167892959133
4.411173502496734,6.3384974860322245
4.411503934413097,6.17586373034405
4.498022122120477,5.511589413557305
4.518757943549276,4.711858192640131
4.507153315911274,3.9842660130022884
4.42307046745276,3.2125993560626696
4.369069097539122,2.67871095404341
4.384898310737573,2.0748204962367867
4.357493806558569,1.4711660076415694
3.637016424209551,1.3228075438544793

3.767910663627303,6.780167892959133
4.411173502496734,6.3384974860322245
4.411503934413097,6.17586373034405
4.498022122120477,5.511589413557305
4.518757943549276,4.711858192640131
4.620090273737915,3.995948174683921
4.645726830688199,3.1963590508536033
4.7284577885593775,2.519922413659989
4.79032677748783,1.7223183588753037

3.767910663627303,6.780167892959133
4.411173502496734,6.3384974860322245
4.606450769477838,5.683313524505413
4.779212761909271,5.1822284051855005
4.9180786373001,4.408271282461918
5.094403777850068,3.6279447836102934
5.138633209326251,3.4265057572873676
5.315563082483446,2.646316152137069
5.440723975960441,2.075194930376867
5.582370290763421,1.6097702665855722
6.3600433783154156,1.550436424965909

3.767910663627303,6.780167892959133
4.411173502496734,6.3384974860322245
4.411503934413097,6.17586373034405
4.498022122120477,5.511589413557305
4.518757943549276,4.711858192640131
4.448662622667046,4.207307633364339
4.394727820597702,3.7207926455794347
4.171708517404162,3.5819539409928587
3.4974211101645265,3.621989040553935
2.7367661224315576,3.447307722124873
1.973769068822142,3.4556764606530566
1.7262246811479605,3.4964789640424363

3.767910663627303,6.780167892959133
4.411173502496734,6.3384974860322245
4.411503934413097,6.17586373034405
4.498022122120477,5.511589413557305
4.518757943549276,4.711858192640131
4.448662622667046,4.207307633364339
4.394727820597702,3.7207926455794347
4.171708517404162,3.5819539409928587
3.4974211101645265,3.621989040553935

3.767910663627303,6.780167892959133
4.411173502496734,6.3384974860322245
4.411503934413097,6.17586373034405
4.498022122120477,5.511589413557305
4.518757943549276,4.711858192640131
4.448662622667046,4.207307633364339
4.394727820597702,3.7207926455794347

3.767910663627303,6.780167892959133
4.411173502496734,6.3384974860322245
4.606450769477838,5.683313524505413
4.779212761909271,5.1822284051855005
4.9180786373001,4.408271282461918
5.094403777850068,3.6279447836102934
5.138633209326251,3.4265057572873676
5.315563082483446,2.646316152137069
5.440723975960441,2.075194930376867
5.582370290763421,1.6097702665855722
6.3600433783154156,1.550436424965909
6.451772431191021,2.3451601385032266

3.767910663627303,6.780167892959133
2.9697866627208533,6.725413174650279
2.700471458260993,6.678382592181392
1.9825793481249225,6.493946224064464
1.6725303011357564,6.310723917386276
1.4541278261054686,5.687614956709418

3.767910663627303,6.780167892959133
2.9697866627208533,6.725413174650279
2.700471458260993,6.678382592181392
1.9825793481249225,6.493946224064464
1.6725303011357564,6.310723917386276
1.4695602649220276,5.915421941115987
2.019397058632461,5.382820096324253
2.257685125010997,5.3976242405866035

3.767910663627303,6.780167892959133
4.411173502496734,6.3384974860322245
4.391642239118337,5.690617317374433

3.767910663627303,6.780167892959133
4.411173502496734,6.3384974860322245
5.0920676956048725,5.918517608190896
5.594312575582721,5.478369303021525
6.290591438663669,5.348656323651503

3.767910663627303,6.780167892959133
2.9697866627208533,6.725413174650279
2.700471458260993,6.678382592181392
1.9801736769389524,6.677718178876613
1.6740864305760748,6.634548870916825

3.767910663627303,6.780167892959133
4.312981587128572,7.056643976845163

3.767910663627303,6.780167892959133
4.411173502496734,6.3384974860322245
5.0920676956048725,5.918517608190896
5.485333229777216,5.558252187489167
6.134940148933268,5.611006011938146
6.373562237928779,5.522052242952401
6.463578848600184,6.296802817208577

2.1991988167073764,7.567252754479009
2.7179731905686846,7.2620533919980765
3.1797323189102804,6.98617269342982
3.485838514147925,6.821692679397697
4.19325754970827,6.448117642588663
4.516358671959606,6.086466679396837
4.562660785592422,5.287807731989915
4.510062275634302,4.75363741568325
4.551260879442662,3.965879863526525
4.045768273590904,3.3458175880821956
3.669840935011949,3.2603119527402753
3.094217323085607,3.060608520521519
2.3587181108761177,2.7459008643718463
1.9724461389066772,2.588124089341175
1.6316148264038604,2.2807257854827894
1.3784159071630953,1.7132318902856143

2.1991988167073764,7.567252754479009
2.7179731905686846,7.2620533919980765
3.1797323189102804,6.98617269342982
3.485838514147925,6.821692679397697
4.19325754970827,6.448117642588663
4.516358671959606,6.086466679396837
4.562660785592422,5.287807731989915
4.510062275634302,4.75363741568325
4.551260879442662,3.965879863526525
4.480569193569941,3.1775681654431622
4.428971568895581,2.70477650311352
4.385164487184397,1.9095603264293926
4.346265248589648,1.633089464589373
3.6499112144058428,1.525866199985169

2.1991988167073764,7.567252754479009
2.7179731905686846,7.2620533919980765
3.1797323189102804,6.98617269342982
3.485838514147925,6.821692679397697
4.19325754970827,6.448117642588663
4.516358671959606,6.086466679396837
4.562660785592422,5.287807731989915
4.510062275634302,4.75363741568325
4.551260879442662,3.965879863526525
4.52176338585072,3.277145429613232
4.483411521059804,2.546725295550494
4.461908056437638,2.3835229257863157
4.50558637288784,1.7314410093471098

2.1991988167073764,7.567252754479009
2.7179731905686846,7.2620533919980765
3.1797323189102804,6.98617269342982
3.485838514147925,6.821692679397697
4.19325754970827,6.448117642588663
4.516358671959606,6.086466679396837
4.712089412188564,5.5974593119328055
4.943776197342208,4.987616485178985
5.122368948638703,4.248173789368002
5.298701090458299,3.4678488725792875
5.3900227864617305,2.673078246650613
5.601320600309664,2.0546714393799275
5.562041943827499,1.5013180705179725
5.910742844918536,1.323651501022078
6.425704078057004,1.2026603251116925

2.1991988167073764,7.567252754479009
2.7179731905686846,7.2620533919980765
3.1797323189102804,6.98617269342982
3.485838514147925,6.821692679397697
4.19325754970827,6.448117642588663
4.516358671959606,6.086466679396837
4.562660785592422,5.287807731989915
4.510062275634302,4.75363741568325
4.551260879442662,3.965879863526525
4.045768273590904,3.3458175880821956
3.669840935011949,3.2603119527402753
3.2213769458154524,3.236635576803012
2.4778820719432058,3.1972452150825568
1.6876702527798781,3.072484320349534

2.1991988167073764,7.567252754479009
2.7179731905686846,7.2620533919980765
3.1797323189102804,6.98617269342982
3.485838514147925,6.821692679397697
4.19325754970827,6.448117642588663
4.516358671959606,6.086466679396837
4.562660785592422,5.287807731989915
4.510062275634302,4.75363741568325
4.551260879442662,3.965879863526525
4.045768273590904,3.3458175880821956
3.669840935011949,3.2603119527402753

2.1991988167073764,7.567252754479009
2.7179731905686846,7.2620533919980765
3.1797323189102804,6.98617269342982
3.485838514147925,6.821692679397697
4.19325754970827,6.448117642588663
4.516358671959606,6.086466679396837
4.712089412188564,5.5974593119328055
5.027976316746549,4.957736714916683
5.330074931999608,4.267233437145642
5.545394082106673,3.7479925894059622

2.1991988167073764,7.567252754479009
2.7179731905686846,7.2620533919980765
3.1797323189102804,6.98617269342982
3.485838514147925,6.821692679397697
4.19325754970827,6.448117642588663
4.516358671959606,6.086466679396837
4.712089412188564,5.5974593119328055
4.943776197342208,4.987616485178985
5.122368948638703,4.248173789368002
5.298701090458299,3.4678488725792875
5.3900227864617305,2.673078246650613
5.601320600309664,2.0546714393799275
5.562041943827499,1.5013180705179725
6.189769217051665,1.572477100543636
6.696263068404413,1.9183590903475434
6.665806581586836,2.261081990592629

2.1991988167073764,7.567252754479009
1.772747479580207,6.890392904094567
1.3787429375411155,6.194145519286145
1.0316989482406465,5.690467779855585

2.1991988167073764,7.567252754479009
1.8643312993183327,6.922070383593435
1.6433661788346474,6.22555054399022
1.5045768938316646,5.835574462205388
1.8216107933319112,5.5638215126997235
2.319321482679463,5.4900988854927295

2.1991988167073764,7.567252754479009
2.7179731905686846,7.2620533919980765
3.1797323189102804,6.98617269342982
3.485838514147925,6.821692679397697
4.19325754970827,6.448117642588663
4.516358671959606,6.086466679396837
4.572927193972387,5.704591944482315

2.1991988167073764,7.567252754479009
2.7179731905686846,7.2620533919980765
3.1797323189102804,6.98617269342982
3.485838514147925,6.821692679397697
4.19325754970827,6.448117642588663
4.840814285916873,6.037894813772594
5.266477037295343,5.719643921750553
5.506665980996775,5.522636486397511
6.2591879453811865,5.641827245083444

2.1991988167073764,7.567252754479009
1.7400361856438338,7.317066715939303

2.1991988167073764,7.567252754479009
2.8438823190339977,7.329690855006096
3.6225907451708963,7.146351860072138
4.270380480656511,6.99959077321977

2.1991988167073764,7.567252754479009
2.7179731905686846,7.2620533919980765
3.1797323189102804,6.98617269342982
3.485838514147925,6.821692679397697
4.19325754970827,6.448117642588663
4.840814285916873,6.037894813772594
5.266477037295343,5.719643921750553
5.506665980996775,5.522636486397511
6.2591879453811865,5.641827245083444
6.477038449325199,5.915522015473022
6.567338247529237,6.275152936572552

2.3191326707877806,6.400255223572279
2.575544688367091,6.415482001290377
3.248246022811726,6.452500933940369
3.589770658859758,6.488955485810219
4.175528536807022,6.476774159754714
4.586193972930895,5.922878314256001
4.608168862328581,5.176739040836757
4.596485044945388,5.036096480630081
4.572411096832192,4.318275823959426
4.578167506271658,3.863849187474115
4.050929077407264,3.3367563184523927
3.4050817661107566,3.036206257852371
2.9361338958369005,2.7250648586266064
2.4994605831808783,2.5631845740093047
1.7169818814367974,2.396670066182215
1.38033245997058,1.6709516862120912

2.3191326707877806,6.400255223572279
2.575544688367091,6.415482001290377
3.248246022811726,6.452500933940369
3.589770658859758,6.488955485810219
4.175528536807022,6.476774159754714
4.586193972930895,5.922878314256001
4.608168862328581,5.176739040836757
4.596485044945388,5.036096480630081
4.572411096832192,4.318275823959426
4.578167506271658,3.863849187474115
4.584758112360048,3.428477343041484
4.532365142290725,2.6978358887981773
4.581380827232253,1.9445771108599519
4.068153432123075,1.3309015932535804
3.6371292422030392,1.403350054910799

2.3191326707877806,6.400255223572279
2.575544688367091,6.415482001290377
3.248246022811726,6.452500933940369
3.589770658859758,6.488955485810219
4.175528536807022,6.476774159754714
4.586193972930895,5.922878314256001
4.608168862328581,5.176739040836757
4.596485044945388,5.036096480630081
4.572411096832192,4.318275823959426
4.588346090652289,4.079163763894596
4.638731878073266,3.280752045276959
4.662466655540463,3.0901888488037907
4.642379151164507,2.317373003226862
4.609182113867631,1.6671120496604048

2.3191326707877806,6.400255223572279
2.575544688367091,6.415482001290377
3.248246022811726,6.452500933940369
3.589770658859758,6.488955485810219
4.175528536807022,6.476774159754714
4.586193972930895,5.922878314256001
4.814769320637124,5.309905247047211
4.829442469660192,4.841969463944928
5.003546360362151,4.200116404415491
5.1648439706455385,3.416545679517688
5.340309367144687,2.6653015009984777
5.47341750113329,2.151469281788363
5.718123904983954,1.5872640380326477
6.258472883769615,1.5072020136404292

2.3191326707877806,6.400255223572279
2.575544688367091,6.415482001290377
3.248246022811726,6.452500933940369
3.589770658859758,6.488955485810219
4.175528536807022,6.476774159754714
4.586193972930895,5.922878314256001
4.608168862328581,5.176739040836757
4.596485044945388,5.036096480630081
4.572411096832192,4.318275823959426
4.578167506271658,3.863849187474115
4.050929077407264,3.3367563184523927
3.432426013688483,3.3525164805915226
3.032225172280625,3.364001398199246
2.598166377982473,3.3950698715234298
1.9064244061123525,3.4732400713221794
1.730583078340004,3.4061563925450122

2.3191326707877806,6.400255223572279
2.575544688367091,6.415482001290377
3.248246022811726,6.452500933940369
3.589770658859758,6.488955485810219
4.175528536807022,6.476774159754714
4.586193972930895,5.922878314256001
4.608168862328581,5.176739040836757
4.596485044945388,5.036096480630081
4.572411096832192,4.318275823959426
4.578167506271658,3.863849187474115
4.050929077407264,3.3367563184523927
3.6679719937961313,3.4556217381937704

2.3191326707877806,6.400255223572279
2.575544688367091,6.415482001290377
3.248246022811726,6.452500933940369
3.589770658859758,6.488955485810219
4.175528536807022,6.476774159754714
4.586193972930895,5.922878314256001
4.616842623967467,5.178766417210014
4.794584596020324,4.398761422757567
4.8702264769845405,3.6848859679465025

2.3191326707877806,6.400255223572279
2.575544688367091,6.415482001290377
3.248246022811726,6.452500933940369
3.589770658859758,6.488955485810219
4.175528536807022,6.476774159754714
4.586193972930895,5.922878314256001
4.814769320637124,5.309905247047211
4.829442469660192,4.841969463944928
5.003546360362151,4.200116404415491
5.1648439706455385,3.416545679517688
5.340309367144687,2.6653015009984777
5.47341750113329,2.151469281788363
5.718123904983954,1.5872640380326477
6.426180707079368,1.6440280408509702
6.507549063982011,2.3272325743800897

2.3191326707877806,6.400255223572279
1.7782818425822247,6.481602759990022
1.3809527021801167,6.0769111708883194
1.39484785032811,5.705086937301017

2.3191326707877806,6.400255223572279
1.6476631025348443,6.490422037951454
1.4984248754935157,5.816540880391355
1.957913805061533,5.521868248962013
2.265665096943824,5.60594301747096

2.3191326707877806,6.400255223572279
2.575544688367091,6.415482001290377
3.248246022811726,6.452500933940369
3.589770658859758,6.488955485810219
4.175528536807022,6.476774159754714
4.586193972930895,5.922878314256001
4.665398519684274,5.725284107414377

2.3191326707877806,6.400255223572279
2.575544688367091,6.415482001290377
3.248246022811726,6.452500933940369
3.589770658859758,6.488955485810219
4.103422322640417,6.484504876735066
4.546640025708376,6.291070945392745
5.2599633095239415,5.956492989087805
5.806751168401292,5.477773548212988
6.366816714172879,5.2822755160884345

2.3191326707877806,6.400255223572279
1.6476631025348443,6.490422037951454

2.3191326707877806,6.400255223572279
2.575544688367091,6.415482001290377
3.248246022811726,6.452500933940369
3.589770658859758,6.488955485810219
4.322561203647807,6.591722422132727

2.3191326707877806,6.400255223572279
2.575544688367091,6.415482001290377
3.248246022811726,6.452500933940369
3.589770658859758,6.488955485810219
4.103422322640417,6.484504876735066
4.546640025708376,6.291070945392745
5.2599633095239415,5.956492989087805
5.806751168401292,5.477773548212988
6.235417162242463,5.592567456088013
6.541066876888057,5.858759486485815
6.465996533705922,6.315533461061897

3.3031172824922628,7.071024807898258
3.4385943494301747,6.948411870642921
4.010752140431973,6.539784298404929
4.143896453294259,6.533485284640729
4.514459292094564,6.038296186246107
4.519554837479117,5.421922074386614
4.534958647663003,5.019150928766981
4.493560322163931,4.2202227851608916
4.481047865758473,3.981079686204134
4.1703294877769075,3.458728046410043
3.586781134071609,3.2738716474227925
3.3331927987593732,3.1647145475445813
2.7612585994367636,2.9355766448592253
2.5870554313987086,2.8114881180413454
1.8761314458674998,2.444626990642405
1.503435504864907,2.1658283981481126
1.3681511783573361,1.7494996197523096

3.3031172824922628,7.071024807898258
3.4385943494301747,6.948411870642921
4.010752140431973,6.539784298404929
4.143896453294259,6.533485284640729
4.514459292094564,6.038296186246107
4.517260667465304,5.240144444123434
4.533322053019425,4.6179397955309165
4.512154831219018,3.954454061487817
4.475226916658746,3.155306810271729
4.4980276444841625,2.7406312015465684
4.43282102688838,2.183346368248617
4.491883225259869,1.86516898337196
4.120318425969888,1.4600752354245832
3.6531645239954824,1.1322284655448427

3.3031172824922628,7.071024807898258
3.4385943494301747,6.948411870642921
4.010752140431973,6.539784298404929
4.143896453294259,6.533485284640729
4.514459292094564,6.038296186246107
4.579042612654535,5.331595710650298
4.611513759275662,4.7854047759640155
4.685154981921782,4.140428724405415
4.682720881475651,3.58840090328486
4.732263139918086,3.2215463518277483
4.791336373452188,2.658590735604535
4.923694946598982,2.2911592181120373
5.091576247907659,1.6585960048669395

3.3031172824922628,7.071024807898258
3.4385943494301747,6.948411870642921
4.010752140431973,6.539784298404929
4.143896453294259,6.533485284640729
4.514459292094564,6.038296186246107
4.806575453874354,5.373896250093554
4.903114337072573,4.969382590182989
5.063731768520187,4.315406575180496
5.257202376805236,3.6005721513405478
5.398270162142759,3.039696157445428
5.486726852258713,2.696128454616346
5.617780188837431,1.9069358146534627
5.644110953336733,1.6732974694445897
6.326989448633647,1.4356082239275576

3.3031172824922628,7.071024807898258
3.4385943494301747,6.948411870642921
4.010752140431973,6.539784298404929
4.143896453294259,6.533485284640729
4.514459292094564,6.038296186246107
4.519554837479117,5.421922074386614
4.534958647663003,5.019150928766981
4.493560322163931,4.2202227851608916
4.481047865758473,3.981079686204134
4.1703294877769075,3.458728046410043
3.4685905354614825,3.442335194791634
2.706768236579367,3.485627015466982
1.906831673643362,3.475552528972343
1.7161046554728552,3.466387674884631

3.3031172824922628,7.071024807898258
3.4385943494301747,6.948411870642921
4.010752140431973,6.539784298404929
4.143896453294259,6.533485284640729
4.514459292094564,6.038296186246107
4.519554837479117,5.421922074386614
4.534958647663003,5.019150928766981
4.493560322163931,4.2202227851608916
4.481047865758473,3.981079686204134
4.1703294877769075,3.458728046410043
3.7195521280246915,3.17022105609241

3.3031172824922628,7.071024807898258
3.4385943494301747,6.948411870642921
4.010752140431973,6.539784298404929
4.143896453294259,6.533485284640729
4.514459292094564,6.038296186246107
4.579042612654535,5.331595710650298
4.763624427945217,4.808625186726537
4.838966376489917,4.246211910782155
4.996250245733403,3.7240625567245997

3.3031172824922628,7.071024807898258
3.4385943494301747,6.948411870642921
4.010752140431973,6.539784298404929
4.143896453294259,6.533485284640729
4.514459292094564,6.038296186246107
4.579042612654535,5.331595710650298
4.763624427945217,4.808625186726537
4.838966376489917,4.246211910782155
5.0444635572314285,3.6597392677304663
5.1577031994620315,3.364483340032667
5.373392329256267,2.6061579346158537
5.5796499935365516,1.8332040058945869
5.872249878164328,1.4838141893886865
6.52846403485975,1.6726858840303365
6.733808341531751,2.400611003945562

3.3031172824922628,7.071024807898258
3.10846279211042,6.972507822444843
2.57944129139654,6.707740572809451
1.9274159613062647,6.478123482564908
1.4277040220739021,6.170479772216417
1.2517448725295746,5.701986764193624

3.3031172824922628,7.071024807898258
2.808883963339332,6.894681096281327
2.2285844225093023,6.7016385747085545
1.8006236677350635,6.5248660008364965
1.4851378688675794,5.958043671397149
1.5124315975656684,5.826349148007662
2.058912470512753,5.313577015992172
2.686128684465798,5.192415703362834

3.3031172824922628,7.071024807898258
3.4385943494301747,6.948411870642921
4.010752140431973,6.539784298404929
4.143896453294259,6.533485284640729
4.514459292094564,6.038296186246107
4.414244665719303,5.549638704848159

3.3031172824922628,7.071024807898258
3.4385943494301747,6.948411870642921
4.010752140431973,6.539784298404929
4.736775547135826,6.281741040954718
5.397758216708053,5.929217787553228
5.757794102227539,5.562198258356879
6.274779823050152,5.535361333549246

3.3031172824922628,7.071024807898258
2.5664491330698653,6.82564435627178
1.9328615982114652,6.617216118212366
1.6489917784572126,6.524467001379166

3.3031172824922628,7.071024807898258
4.050139508767192,7.19281442057405
4.277066976207929,7.22658386010694

3.3031172824922628,7.071024807898258
3.4385943494301747,6.948411870642921
4.010752140431973,6.539784298404929
4.736775547135826,6.281741040954718
5.397758216708053,5.929217787553228
5.757794102227539,5.562198258356879
6.274779823050152,5.535361333549246
6.583028754503321,5.964635828493456
6.827904730193497,6.2735895975200755

3.3477374687955104,6.762918023585127
3.8311830986215627,6.662635687292342
4.217125341762688,6.517670627025238
4.690160469346947,5.872505711618841
4.6564855209974985,5.186663420727661
4.631784292935456,4.560134584867406
4.594567580949879,3.8672975903351987
3.959146534698976,3.4342837916108278
3.3946079316444515,3.1501913102363837
2.677822449849636,2.8019842637762236
1.9644952295081195,2.439818173812178
1.5645790105849775,2.268476095418066
1.5264407129341142,1.652107284612583

3.3477374687955104,6.762918023585127
3.8311830986215627,6.662635687292342
4.217125341762688,6.517670627025238
4.690160469346947,5.872505711618841
4.705292112298206,5.347453657639546
4.713846432551454,4.75398765335524
4.741214304554406,4.45143811316592
4.751837646793431,3.8160289667738336
4.764186801861155,3.49511506771806
4.744207695901536,2.7175159984471633
4.79155188468642,2.0829017341941714
4.603442637505051,1.7952897384154098
4.165528908980515,1.534714202199791
3.6774812840775355,1.3943574384478534

3.3477374687955104,6.762918023585127
3.8311830986215627,6.662635687292342
4.217125341762688,6.517670627025238
4.690160469346947,5.872505711618841
4.705292112298206,5.347453657639546
4.713846432551454,4.75398765335524
4.741214304554406,4.45143811316592
4.751837646793431,3.8160289667738336
4.796709876262783,3.053358113507531
4.866447850444811,2.2564035257442216
4.979250869172126,1.717056728105208

3.3477374687955104,6.762918023585127
3.8311830986215627,6.662635687292342
4.217125341762688,6.517670627025238
4.690160469346947,5.872505711618841
4.7638133490255,5.707829310773102
4.962087091567825,4.998888163503387
5.094245693640549,4.5547363959608544
5.1883859805336625,3.854754773674444
5.258013240935631,3.4299136085455677
5.434914800113971,2.929808659931751
5.450343429243691,2.131629476976363
5.807248880042096,1.4156556651714984
6.29083373241345,1.5585490002804874

3.3477374687955104,6.762918023585127
3.8311830986215627,6.662635687292342
4.217125341762688,6.517670627025238
4.690160469346947,5.872505711618841
4.6564855209974985,5.186663420727661
4.631784292935456,4.560134584867406
4.594567580949879,3.8672975903351987
3.959146534698976,3.4342837916108278
3.8594167171946245,3.431507217668505
3.064762010461667,3.3554000509826754
2.3141960602977143,3.3926566085756598
1.6793811946089954,3.5048380257761718

3.3477374687955104,6.762918023585127
3.8311830986215627,6.662635687292342
4.217125341762688,6.517670627025238
4.690160469346947,5.872505711618841
4.6564855209974985,5.186663420727661
4.631784292935456,4.560134584867406
4.594567580949879,3.8672975903351987
4.0230170830762235,3.3716888357243557
3.59591155094254,2.99651264714322

3.3477374687955104,6.762918023585127
3.8311830986215627,6.662635687292342
4.217125341762688,6.517670627025238
4.690160469346947,5.872505711618841
4.7638133490255,5.707829310773102
4.978180016767051,5.0000398448428385
5.118557560992425,4.533601838750182
5.253384936206608,4.0794952395958735
5.321759776450755,3.7360284874045857

3.3477374687955104,6.762918023585127
3.8311830986215627,6.662635687292342
4.217125341762688,6.517670627025238
4.690160469346947,5.872505711618841
4.7638133490255,5.707829310773102
4.962087091567825,4.998888163503387
5.094245693640549,4.5547363959608544
5.1883859805336625,3.854754773674444
5.258013240935631,3.4299136085455677
5.434914800113971,2.929808659931751
5.450343429243691,2.131629476976363
5.807248880042096,1.4156556651714984
6.29083373241345,1.5585490002804874
6.550105493093547,2.2979542972256772

3.3477374687955104,6.762918023585127
2.931101154193145,6.668490971598084
2.2412685094779228,6.520533066213333
1.7051695317821594,6.347647424950966
1.3128387006071798,5.822754567798809
1.1865445487061248,5.603682501770898

3.3477374687955104,6.762918023585127
2.931101154193145,6.668490971598084
2.2412685094779228,6.520533066213333
1.5555012432370612,6.3415289402775255
1.5036480952077285,5.84825178187063
2.0068253306945456,5.37074565600481
2.3007681522872305,5.584478474628538

3.3477374687955104,6.762918023585127
3.8311830986215627,6.662635687292342
4.217125341762688,6.517670627025238
4.690160469346947,5.872505711618841
4.7638133490255,5.707829310773102

3.3477374687955104,6.762918023585127
3.894326044701197,6.5524656415698015
4.526762719679168,6.336621468539857
4.923803669188411,6.1024680084623535
5.403709240005388,5.774324926413071
6.141368964570795,5.464715283872518
6.301482521365242,5.361686328077186

3.3477374687955104,6.762918023585127
2.931101154193145,6.668490971598084
2.2412685094779228,6.520533066213333
1.7051695317821594,6.347647424950966

3.3477374687955104,6.762918023585127
3.6710972022908015,6.79849317916828
4.360723046039151,6.891270678313774

3.3477374687955104,6.762918023585127
3.894326044701197,6.5524656415698015
4.526762719679168,6.336621468539857
4.923803669188411,6.1024680084623535
5.403709240005388,5.774324926413071
6.141368964570795,5.464715283872518
6.5246118620352815,5.901677379156511
6.5631038648742175,6.312317917562481

2.5872298420468263,7.497028958701074
2.829217423757899,7.3734104667859315
3.307724200585606,7.1027353900095775
3.9334014817966034,6.682342415938134
4.356709932884281,6.340712926549892
4.438900718206448,5.544946205199894
4.494356001660372,4.77401322308959
4.50469058399824,4.681384773024486
4.494440638050858,3.881450439089458
4.282849169716211,3.6691633352754005
4.05681717416474,3.4892923571801124
3.3332581005606423,3.1734190991080364
3.0443110752928426,3.0204540662400197
2.419082450920672,2.672413987551827
2.0216169364445546,2.5452631472155156
1.5973975409625831,2.2375815719148324
1.3677495828908353,1.720655972901274

2.5872298420468263,7.497028958701074
2.829217423757899,7.3734104667859315
3.307724200585606,7.1027353900095775
3.9334014817966034,6.682342415938134
4.356709932884281,6.340712926549892
4.438900718206448,5.544946205199894
4.494356001660372,4.77401322308959
4.50469058399824,4.681384773024486
4.494440638050858,3.881450439089458
4.499340307337809,3.350273819744407
4.475144980028289,2.617909933466368
4.418303098045859,1.8199318633086126
4.423944156958045,1.630571092035276
3.7247045350297814,1.4595574411092944

2.5872298420468263,7.497028958701074
2.829217423757899,7.3734104667859315
3.307724200585606,7.1027353900095775
3.9334014817966034,6.682342415938134
4.356709932884281,6.340712926549892
4.438900718206448,5.544946205199894
4.494356001660372,4.77401322308959
4.562361850931277,4.142247130201641
4.5933364347393315,3.6632636806976566
4.649704071090026,2.887163547589741
4.671762656409997,2.4851121183084532
4.69379837612593,1.741648723678233

2.5872298420468263,7.497028958701074
2.829217423757899,7.3734104667859315
3.307724200585606,7.1027353900095775
3.9334014817966034,6.682342415938134
4.356709932884281,6.340712926549892
4.6574881809859665,5.632107378370188
4.886956790107155,4.976070618093047
4.932301033700879,4.680859914961743
5.174475998559505,3.9183959575213114
5.246455894747375,3.6002556746248913
5.3913138381327546,3.068332524643104
5.4563693965591895,2.2728555597471676
5.650146813717025,1.5618410480960878
6.2605636606270325,1.521681165050427

2.5872298420468263,7.497028958701074
2.829217423757899,7.3734104667859315
3.307724200585606,7.1027353900095775
3.9334014817966034,6.682342415938134
4.356709932884281,6.340712926549892
4.438900718206448,5.544946205199894
4.494356001660372,4.77401322308959
4.50469058399824,4.681384773024486
4.494440638050858,3.881450439089458
4.282849169716211,3.6691633352754005
4.176571058540835,3.595710827807338
3.4935163105917515,3.433951831791514
3.15694062772003,3.3815946043640497
2.400611365893851,3.218131563851437
1.740993180478375,3.096907734633022

2.5872298420468263,7.497028958701074
2.829217423757899,7.3734104667859315
3.307724200585606,7.1027353900095775
3.9334014817966034,6.682342415938134
4.356709932884281,6.340712926549892
4.438900718206448,5.544946205199894
4.494356001660372,4.77401322308959
4.430872589198301,4.322263589828967
4.428225773612975,3.7477759812553715
4.073421354500209,3.439368270636457
3.7188834131760187,3.1136664026918126

2.5872298420468263,7.497028958701074
2.829217423757899,7.3734104667859315
3.307724200585606,7.1027353900095775
3.9334014817966034,6.682342415938134
4.356709932884281,6.340712926549892
4.438900718206448,5.544946205199894
4.494356001660372,4.77401322308959
4.430872589198301,4.322263589828967
4.428225773612975,3.7477759812553715

2.5872298420468263,7.497028958701074
2.829217423757899,7.3734104667859315
3.307724200585606,7.1027353900095775
3.9334014817966034,6.682342415938134
4.356709932884281,6.340712926549892
4.6574881809859665,5.632107378370188
4.886956790107155,4.976070618093047
4.932301033700879,4.680859914961743
5.174475998559505,3.9183959575213114
5.246455894747375,3.6002556746248913
5.3913138381327546,3.068332524643104
5.4563693965591895,2.2728555597471676
5.650146813717025,1.5618410480960878
6.141672181939986,1.5242672929572014
6.572197064251145,1.8790983267361072
6.447744735015205,2.350471633306727

2.5872298420468263,7.497028958701074
2.489724894430725,7.286122030988045
2.0863986322759347,6.81085729374078
1.561526384074463,6.213812966539111
1.3642922664563852,5.598343451323302

2.5872298420468263,7.497028958701074
2.489724894430725,7.286122030988045
2.0863986322759347,6.81085729374078
1.561526384074463,6.213812966539111
1.6502507837161309,5.4187482013103745
2.3973980136208004,5.24761295142168

2.5872298420468263,7.497028958701074
2.829217423757899,7.3734104667859315
3.307724200585606,7.1027353900095775
3.9334014817966034,6.682342415938134
4.356709932884281,6.340712926549892
4.6574881809859665,5.632107378370188

2.5872298420468263,7.497028958701074
2.829217423757899,7.3734104667859315
3.307724200585606,7.1027353900095775
3.9334014817966034,6.682342415938134
4.52916081180784,6.3089086900851346
4.953151160032383,6.033142102594658
5.432007971520161,5.700929888912848
5.868219827862946,5.611511333418453
6.253981449839357,5.530855029955426

2.5872298420468263,7.497028958701074
2.4151232288970172,7.4450950122655035
1.7321561666822565,7.136549124209297

2.5872298420468263,7.497028958701074
2.9837275055005064,7.531715056316044
3.771479130947859,7.502641153384143
4.252320762111006,7.4274472348148635

2.5872298420468263,7.497028958701074
2.829217423757899,7.3734104667859315
3.307724200585606,7.1027353900095775
3.9334014817966034,6.682342415938134
4.52916081180784,6.3089086900851346
4.953151160032383,6.033142102594658
5.432007971520161,5.700929888912848
5.868219827862946,5.611511333418453
6.41721390054792,5.612123538365479
6.756113804641162,6.159260776323644
6.891642849461124,6.378625108797507

