3.3045849855476583,4.479811085311115
2.642341842514252,4.9286250996926135
2.570240284616678,4.982959860830706
1.939575493861171,5.475160959672747
1.5240817163005345,5.8470331940404865
1.6045433835577816,6.164587528506113
1.936114522604221,6.704793117652439
2.574630942945822,6.6404642090876
3.313110826026931,6.549206496631115
3.8486033293851514,6.56969439921559
4.492929298818574,6.2068244524657095
4.50595069652673,6.154511681084775
4.618740854274326,5.362502602654942
4.546536771307662,4.730872731816029
4.599813455574556,3.967256329954302
4.206212595476435,3.6006605661079822
3.9765218059665735,3.454975758819762
3.4989749842542244,3.1777916203205647
2.8608679377136346,2.917619384350907
2.1225413832939024,2.6096033149021096
1.5182397938423717,2.219487211765097
1.6218367079499187,1.6255183995738207

3.3045849855476583,4.479811085311115
2.642341842514252,4.9286250996926135
2.570240284616678,4.982959860830706
1.939575493861171,5.475160959672747
1.5240817163005345,5.8470331940404865
1.6045433835577816,6.164587528506113
1.936114522604221,6.704793117652439
2.574630942945822,6.6404642090876
3.313110826026931,6.549206496631115
3.8486033293851514,6.56969439921559
4.492929298818574,6.2068244524657095
4.50595069652673,6.154511681084775
4.618740854274326,5.362502602654942
4.673364831433436,4.884154640946775
4.680808873955483,4.141811589919345
4.700462158081525,3.5117945011121483
4.643593747313081,2.7224399499849223
4.66181184225483,1.9972910600938751
4.148224809725996,1.489964553486803
3.7498060487191425,1.6198011968972565

3.3045849855476583,4.479811085311115
2.642341842514252,4.9286250996926135
2.570240284616678,4.982959860830706
1.939575493861171,5.475160959672747
1.5240817163005345,5.8470331940404865
1.6045433835577816,6.164587528506113
1.936114522604221,6.704793117652439
2.574630942945822,6.6404642090876
3.313110826026931,6.549206496631115
3.8486033293851514,6.56969439921559
4.492929298818574,6.2068244524657095
4.50595069652673,6.154511681084775
4.618740854274326,5.362502602654942
4.695003166809415,4.566145861183633
4.735932775724245,3.790197417428159
4.758664551472315,3.286890287547734
4.75589104507948,2.5610273773922696
4.758471780625997,2.119309909259819
4.799932346745095,1.5947231627187972

3.3045849855476583,4.479811085311115
2.642341842514252,4.9286250996926135
2.570240284616678,4.982959860830706
1.939575493861171,5.475160959672747
1.5240817163005345,5.8470331940404865
1.6045433835577816,6.164587528506113
1.936114522604221,6.704793117652439
2.574630942945822,6.6404642090876
3.313110826026931,6.549206496631115
3.8486033293851514,6.56969439921559
4.492929298818574,6.2068244524657095
4.50595069652673,6.154511681084775
4.618740854274326,5.362502602654942
4.691234665318363,4.824192910760056
4.946553164141854,4.1322449822297225
5.124106259688877,3.362055244869512
5.3279873543817775,2.6811390747982626
5.557058732305946,1.9525146903960762
5.6178881585466325,1.6609891565632275
6.26734334830466,1.3544511951502083

3.3045849855476583,4.479811085311115
2.642341842514252,4.9286250996926135
2.570240284616678,4.982959860830706
1.939575493861171,5.475160959672747
1.5240817163005345,5.8470331940404865
1.6045433835577816,6.164587528506113
1.936114522604221,6.704793117652439
2.574630942945822,6.6404642090876
3.313110826026931,6.549206496631115
3.8486033293851514,6.56969439921559
4.492929298818574,6.2068244524657095
4.50595069652673,6.154511681084775
4.618740854274326,5.362502602654942
4.546536771307662,4.730872731816029
4.599813455574556,3.967256329954302
4.206212595476435,3.6006605661079822
3.8623864082056683,3.5113185446367954
3.137024977345475,3.336218026496307
2.35535667683787,3.1659398189019328
1.7336432786180032,3.119725554331169

3.3045849855476583,4.479811085311115
2.642341842514252,4.9286250996926135
2.570240284616678,4.982959860830706
1.939575493861171,5.475160959672747
1.5240817163005345,5.8470331940404865
1.6045433835577816,6.164587528506113
1.936114522604221,6.704793117652439
2.574630942945822,6.6404642090876
3.313110826026931,6.549206496631115
3.8486033293851514,6.56969439921559
4.492929298818574,6.2068244524657095
4.50595069652673,6.154511681084775
4.618740854274326,5.362502602654942
4.546536771307662,4.730872731816029
4.599813455574556,3.967256329954302
4.206212595476435,3.6006605661079822
3.657526942039155,3.536241617771636

3.3045849855476583,4.479811085311115
2.642341842514252,4.9286250996926135
2.570240284616678,4.982959860830706
1.939575493861171,5.475160959672747
1.5240817163005345,5.8470331940404865
1.6045433835577816,6.164587528506113
1.936114522604221,6.704793117652439
2.574630942945822,6.6404642090876
3.313110826026931,6.549206496631115
3.8486033293851514,6.56969439921559
4.492929298818574,6.2068244524657095
4.50595069652673,6.154511681084775
4.618740854274326,5.362502602654942
4.546536771307662,4.730872731816029
4.533811070523126,4.216935436709024
4.577287669243058,3.7412435000074638

3.3045849855476583,4.479811085311115
2.642341842514252,4.9286250996926135
2.570240284616678,4.982959860830706
1.939575493861171,5.475160959672747
1.5240817163005345,5.8470331940404865
1.6045433835577816,6.164587528506113
1.936114522604221,6.704793117652439
2.574630942945822,6.6404642090876
3.313110826026931,6.549206496631115
3.8486033293851514,6.56969439921559
4.492929298818574,6.2068244524657095
4.50595069652673,6.154511681084775
4.618740854274326,5.362502602654942
4.691234665318363,4.824192910760056
4.946553164141854,4.1322449822297225
5.124106259688877,3.362055244869512
5.3279873543817775,2.6811390747982626
5.557058732305946,1.9525146903960762
5.6178881585466325,1.6609891565632275
6.196093853524961,1.5646969510127646
6.431755697385556,1.7097850815661668
6.6461347268328215,2.285971824067886

3.3045849855476583,4.479811085311115
2.736081292164076,4.50677870185596
1.9467041534834721,4.636716121133174
1.5541752716516548,4.710656284034292

3.3045849855476583,4.479811085311115
2.642341842514252,4.9286250996926135
2.570240284616678,4.982959860830706
1.939575493861171,5.475160959672747
1.5240817163005345,5.8470331940404865
1.6045433835577816,6.164587528506113
1.936114522604221,6.704793117652439
2.574630942945822,6.6404642090876
3.313110826026931,6.549206496631115
3.8486033293851514,6.56969439921559
4.492929298818574,6.2068244524657095
4.3879627472291,5.598838248633852

3.3045849855476583,4.479811085311115
2.642341842514252,4.9286250996926135
2.570240284616678,4.982959860830706
1.939575493861171,5.475160959672747
1.5240817163005345,5.8470331940404865
1.6045433835577816,6.164587528506113
1.936114522604221,6.704793117652439
2.574630942945822,6.6404642090876
3.313110826026931,6.549206496631115
3.7896807134956783,6.47275994326038
4.4836587066849605,6.328525156944526
5.1251116687182074,5.977812457696149
5.562288697636088,5.550760622717181
6.341345148206921,5.4043858486945275

3.3045849855476583,4.479811085311115
2.642341842514252,4.9286250996926135
2.570240284616678,4.982959860830706
1.939575493861171,5.475160959672747
1.5240817163005345,5.8470331940404865
1.4950462083513998,6.2927544269383064

3.3045849855476583,4.479811085311115
2.642341842514252,4.9286250996926135
2.570240284616678,4.982959860830706
1.939575493861171,5.475160959672747
1.5240817163005345,5.8470331940404865
1.6045433835577816,6.164587528506113
1.936114522604221,6.704793117652439
2.268163825659609,6.622435940734699

3.3045849855476583,4.479811085311115
2.642341842514252,4.9286250996926135
2.570240284616678,4.982959860830706
1.939575493861171,5.475160959672747
1.5240817163005345,5.8470331940404865
1.6045433835577816,6.164587528506113
1.936114522604221,6.704793117652439
2.574630942945822,6.6404642090876
3.313110826026931,6.549206496631115
3.7896807134956783,6.47275994326038
4.3453326756180815,6.4576449341628495

3.3045849855476583,4.479811085311115
2.642341842514252,4.9286250996926135
2.570240284616678,4.982959860830706
1.939575493861171,5.475160959672747
1.5240817163005345,5.8470331940404865
1.6045433835577816,6.164587528506113
1.936114522604221,6.704793117652439
2.574630942945822,6.6404642090876
3.313110826026931,6.549206496631115
3.7896807134956783,6.47275994326038
4.4836587066849605,6.328525156944526
5.1251116687182074,5.977812457696149
5.562288697636088,5.550760622717181
5.991842955314874,5.616360934521523
6.3848039933955825,5.526525200999232
6.495018602080563,6.277693626431542

2.5704876758628963,5.065141220766064
1.888985835369315,5.48413434887661
1.6625820626751036,5.730894947088358
1.490574943804245,6.176179341581955
2.1343040353886638,6.651166558934063
2.2714765536713926,6.604968689228303
3.0372599804593223,6.544804569162078
3.8370470885960497,6.56325942376164
4.420198582765899,6.293777386203185
4.513862761159372,5.499279417869801
4.549937089840959,4.827089394843458
4.419952360776744,4.038847954552438
4.3321524283768404,3.647947888209725
4.060102364131532,3.6033912202867273
3.3285672283985748,3.2795759254222556
2.703718577721879,2.9255258535851425
1.9891337955722872,2.5996949645927234
1.42563095273204,2.0543481838411726
1.6000778639110576,1.7152042862245043

2.5704876758628963,5.065141220766064
1.888985835369315,5.48413434887661
1.6625820626751036,5.730894947088358
1.490574943804245,6.176179341581955
2.1343040353886638,6.651166558934063
2.2714765536713926,6.604968689228303
3.0372599804593223,6.544804569162078
3.8370470885960497,6.56325942376164
4.420198582765899,6.293777386203185
4.513862761159372,5.499279417869801
4.549937089840959,4.827089394843458
4.575189908621499,4.230220862829113
4.570363490119103,3.940098966394506
4.56411018578378,3.200370894608538
4.5587290306315635,2.7080435394096463
4.539775478156959,2.0351081338443713
4.087996455158469,1.3748841458080916
3.583159905889785,1.4040789485229777

2.5704876758628963,5.065141220766064
1.888985835369315,5.48413434887661
1.6625820626751036,5.730894947088358
1.490574943804245,6.176179341581955
2.1343040353886638,6.651166558934063
2.2714765536713926,6.604968689228303
3.0372599804593223,6.544804569162078
3.8370470885960497,6.56325942376164
4.420198582765899,6.293777386203185
4.513862761159372,5.499279417869801
4.549937089840959,4.827089394843458
4.575189908621499,4.230220862829113
4.570363490119103,3.940098966394506
4.663225253870163,3.1688565314019312
4.844175282495852,2.3938781940943805
4.867634487379489,1.6563880795582624

2.5704876758628963,5.065141220766064
1.888985835369315,5.48413434887661
1.6625820626751036,5.730894947088358
1.490574943804245,6.176179341581955
2.1343040353886638,6.651166558934063
2.2714765536713926,6.604968689228303
3.0372599804593223,6.544804569162078
3.8370470885960497,6.56325942376164
4.420198582765899,6.293777386203185
4.46662291100572,6.06145756667659
4.642702990504088,5.281075733466816
4.934111552929913,4.582801945352805
5.075924048821128,3.863803400653546
5.235974123797463,3.133882809302305
5.369658590403364,2.4806255703837756
5.4675177023337085,1.9426896460653733
5.897296972231327,1.330370555020488
6.393047269141777,1.1168384950706094

2.5704876758628963,5.065141220766064
1.888985835369315,5.48413434887661
1.6625820626751036,5.730894947088358
1.490574943804245,6.176179341581955
2.1343040353886638,6.651166558934063
2.2714765536713926,6.604968689228303
3.0372599804593223,6.544804569162078
3.8370470885960497,6.56325942376164
4.420198582765899,6.293777386203185
4.513862761159372,5.499279417869801
4.549937089840959,4.827089394843458
4.419952360776744,4.038847954552438
4.3321524283768404,3.647947888209725
4.060102364131532,3.6033912202867273
3.2648016130249333,3.5168076462713276
3.0512942110054273,3.4959039175657303
2.2998945888411373,3.3368704724379823
1.6648569598507157,3.256214904303911

2.5704876758628963,5.065141220766064
1.888985835369315,5.48413434887661
1.6625820626751036,5.730894947088358
1.490574943804245,6.176179341581955
2.1343040353886638,6.651166558934063
2.2714765536713926,6.604968689228303
3.0372599804593223,6.544804569162078
3.8370470885960497,6.56325942376164
4.420198582765899,6.293777386203185
4.513862761159372,5.499279417869801
4.549937089840959,4.827089394843458
4.419952360776744,4.038847954552438
4.3321524283768404,3.647947888209725
3.7036881957897587,3.2544481051294634

2.5704876758628963,5.065141220766064
1.888985835369315,5.48413434887661
1.6625820626751036,5.730894947088358
1.490574943804245,6.176179341581955
2.1343040353886638,6.651166558934063
2.2714765536713926,6.604968689228303
3.0372599804593223,6.544804569162078
3.8370470885960497,6.56325942376164
4.420198582765899,6.293777386203185
4.46662291100572,6.06145756667659
4.596434097547595,5.281266081701657
4.622393394094194,4.9753757347231335
4.672623358450509,4.441887913947748
4.8352856313355375,3.6585993432537305

2.5704876758628963,5.065141220766064
1.888985835369315,5.48413434887661
1.6625820626751036,5.730894947088358
1.490574943804245,6.176179341581955
2.1343040353886638,6.651166558934063
2.2714765536713926,6.604968689228303
3.0372599804593223,6.544804569162078
3.8370470885960497,6.56325942376164
4.420198582765899,6.293777386203185
4.46662291100572,6.06145756667659
4.596434097547595,5.281266081701657
4.622393394094194,4.9753757347231335
4.672623358450509,4.441887913947748
4.8352856313355375,3.6585993432537305
5.038652856607363,2.984801971805576
5.189894412288448,2.5063906969916414
5.373415399341884,1.953846425670287
5.981330903828626,1.4354140127912993
6.707641470555322,1.7188088922699873
6.908285318342532,2.2652836105735736

2.5704876758628963,5.065141220766064
1.9563091194113547,4.769128732445662
1.7239416839987205,4.809707010042387

2.5704876758628963,5.065141220766064
1.888985835369315,5.48413434887661
1.6625820626751036,5.730894947088358
1.490574943804245,6.176179341581955
2.1343040353886638,6.651166558934063
2.2714765536713926,6.604968689228303
3.0372599804593223,6.544804569162078
3.8370470885960497,6.56325942376164
4.420198582765899,6.293777386203185
4.513862761159372,5.499279417869801

2.5704876758628963,5.065141220766064
1.888985835369315,5.48413434887661
1.6625820626751036,5.730894947088358
1.490574943804245,6.176179341581955
2.1343040353886638,6.651166558934063
2.2714765536713926,6.604968689228303
3.0372599804593223,6.544804569162078
3.8370470885960497,6.56325942376164
4.470408296993735,6.230749761367537
5.098040235001584,5.93885076626559
5.228832207072894,5.8581926266126825
5.9034549597255435,5.593561094750807
6.353938687362545,5.5472319616516526

2.5704876758628963,5.065141220766064
1.888985835369315,5.48413434887661
1.6625820626751036,5.730894947088358
1.3010323440534526,6.372690142030288

2.5704876758628963,5.065141220766064
1.888985835369315,5.48413434887661
1.6625820626751036,5.730894947088358
1.490574943804245,6.176179341581955
2.1343040353886638,6.651166558934063
2.2714765536713926,6.604968689228303

2.5704876758628963,5.065141220766064
1.888985835369315,5.48413434887661
1.6625820626751036,5.730894947088358
1.490574943804245,6.176179341581955
2.1343040353886638,6.651166558934063
2.2714765536713926,6.604968689228303
3.0372599804593223,6.544804569162078
3.8370470885960497,6.56325942376164
4.2859700576485755,6.528761207993452

2.5704876758628963,5.065141220766064
1.888985835369315,5.48413434887661
1.6625820626751036,5.730894947088358
1.490574943804245,6.176179341581955
2.1343040353886638,6.651166558934063
2.2714765536713926,6.604968689228303
3.0372599804593223,6.544804569162078
3.8370470885960497,6.56325942376164
4.470408296993735,6.230749761367537
5.098040235001584,5.93885076626559
5.228832207072894,5.8581926266126825
5.9034549597255435,5.593561094750807
6.090855558876779,5.547206896508364
6.622145967143745,5.911006581900158
6.710527015386953,6.263090813788738

3.233751736752157,5.482337428963634
2.441764206855339,5.369396061485027
1.878448133075822,5.49000859685611
1.6564274188110764,5.720392084312998
1.5099554076582904,6.2459274651508565
1.662816474164079,6.327513331518078
2.2834708499656053,6.546164449572525
2.99617628738089,6.528502124712555
3.7533493238798816,6.519204860096753
4.152328299908037,6.445005037159163
4.650971042139796,6.044399417630818
4.583802586713612,5.343383344252147
4.536937212420813,4.54545148242873
4.660932772677872,4.1463829518156
4.241882354704402,3.6094321598551455
3.601738192564426,3.290370803524471
3.1872795681310557,3.111162258022218
2.518110818129968,2.7927041987071197
1.8533464781016176,2.419229781172767
1.4860984411379232,2.3004689401068994
1.3582996466084554,1.681090101381156

3.233751736752157,5.482337428963634
2.441764206855339,5.369396061485027
1.878448133075822,5.49000859685611
1.6564274188110764,5.720392084312998
1.5099554076582904,6.2459274651508565
1.662816474164079,6.327513331518078
2.2834708499656053,6.546164449572525
2.99617628738089,6.528502124712555
3.7533493238798816,6.519204860096753
4.152328299908037,6.445005037159163
4.650971042139796,6.044399417630818
4.583802586713612,5.343383344252147
4.536937212420813,4.54545148242873
4.628059046129184,3.750657917141728
4.637119508713749,3.346737450071624
4.72878196877217,2.552006053047423
4.680416508633659,2.4560755049635454
4.384319529441498,1.805203412126474
4.145480700937419,1.4646333081357001
3.4222219249016987,1.5422043757175208

3.233751736752157,5.482337428963634
2.441764206855339,5.369396061485027
1.878448133075822,5.49000859685611
1.6564274188110764,5.720392084312998
1.5099554076582904,6.2459274651508565
1.662816474164079,6.327513331518078
2.2834708499656053,6.546164449572525
2.99617628738089,6.528502124712555
3.7533493238798816,6.519204860096753
4.152328299908037,6.445005037159163
4.650971042139796,6.044399417630818
4.583802586713612,5.343383344252147
4.536937212420813,4.54545148242873
4.628059046129184,3.750657917141728
4.637119508713749,3.346737450071624
4.72878196877217,2.552006053047423
4.698156258704165,2.1071014475256025
4.66499160956625,1.684853786057942

3.233751736752157,5.482337428963634
2.441764206855339,5.369396061485027
1.878448133075822,5.49000859685611
1.6564274188110764,5.720392084312998
1.5099554076582904,6.2459274651508565
1.662816474164079,6.327513331518078
2.2834708499656053,6.546164449572525
2.99617628738089,6.528502124712555
3.7533493238798816,6.519204860096753
4.152328299908037,6.445005037159163
4.650971042139796,6.044399417630818
4.781240401903907,5.450215150211499
4.929590869763454,4.898119206611563
5.018639907925426,4.666505343764714
5.1056311961152945,3.9827907028201794
5.160775883732036,3.628465864015085
5.397214866858397,2.864203731459656
5.44508413082278,2.6911997860908583
5.602069313081282,1.9809576801436717
5.618355128128105,1.7087292342025242
5.841896550635795,1.4205897162556218
6.427179054362093,1.7274377067257691

3.233751736752157,5.482337428963634
2.441764206855339,5.369396061485027
1.878448133075822,5.49000859685611
1.6564274188110764,5.720392084312998
1.5099554076582904,6.2459274651508565
1.662816474164079,6.327513331518078
2.2834708499656053,6.546164449572525
2.99617628738089,6.528502124712555
3.7533493238798816,6.519204860096753
4.152328299908037,6.445005037159163
4.650971042139796,6.044399417630818
4.583802586713612,5.343383344252147
4.536937212420813,4.54545148242873
4.660932772677872,4.1463829518156
4.241882354704402,3.6094321598551455
3.6262942668572737,3.402761020805055
3.4561439103705185,3.34869469274048
2.7123429674666357,3.112210497525435
2.261836140761896,2.9642152125633885
1.7183558805947141,2.812504195878393

3.233751736752157,5.482337428963634
2.441764206855339,5.369396061485027
1.878448133075822,5.49000859685611
1.6564274188110764,5.720392084312998
1.5099554076582904,6.2459274651508565
1.662816474164079,6.327513331518078
2.2834708499656053,6.546164449572525
2.99617628738089,6.528502124712555
3.7533493238798816,6.519204860096753
4.152328299908037,6.445005037159163
4.650971042139796,6.044399417630818
4.583802586713612,5.343383344252147
4.536937212420813,4.54545148242873
4.660932772677872,4.1463829518156
4.241882354704402,3.6094321598551455
3.6262942668572737,3.402761020805055

3.233751736752157,5.482337428963634
2.441764206855339,5.369396061485027
1.878448133075822,5.49000859685611
1.6564274188110764,5.720392084312998
1.5099554076582904,6.2459274651508565
1.662816474164079,6.327513331518078
2.2834708499656053,6.546164449572525
2.99617628738089,6.528502124712555
3.7533493238798816,6.519204860096753
4.152328299908037,6.445005037159163
4.650971042139796,6.044399417630818
4.583802586713612,5.343383344252147
4.536937212420813,4.54545148242873
4.628059046129184,3.750657917141728
4.640828701091981,3.71533463814201

3.233751736752157,5.482337428963634
2.441764206855339,5.369396061485027
1.878448133075822,5.49000859685611
1.6564274188110764,5.720392084312998
1.5099554076582904,6.2459274651508565
1.662816474164079,6.327513331518078
2.2834708499656053,6.546164449572525
2.99617628738089,6.528502124712555
3.7533493238798816,6.519204860096753
4.152328299908037,6.445005037159163
4.650971042139796,6.044399417630818
4.781240401903907,5.450215150211499
4.929590869763454,4.898119206611563
5.018639907925426,4.666505343764714
5.1056311961152945,3.9827907028201794
5.160775883732036,3.628465864015085
5.397214866858397,2.864203731459656
5.44508413082278,2.6911997860908583
5.602069313081282,1.9809576801436717
5.618355128128105,1.7087292342025242
5.841896550635795,1.4205897162556218
6.427179054362093,1.7274377067257691
6.543772946709268,2.4992649722350277

3.233751736752157,5.482337428963634
2.441764206855339,5.369396061485027
1.7070073184413097,5.362080933725528

3.233751736752157,5.482337428963634
2.441764206855339,5.369396061485027
1.878448133075822,5.49000859685611
1.6564274188110764,5.720392084312998
1.5099554076582904,6.2459274651508565
1.662816474164079,6.327513331518078
2.2834708499656053,6.546164449572525
2.99617628738089,6.528502124712555
3.7533493238798816,6.519204860096753
4.503420123861815,6.331743914706127
4.529613608197651,5.612341545007482

3.233751736752157,5.482337428963634
2.441764206855339,5.369396061485027
1.878448133075822,5.49000859685611
1.6564274188110764,5.720392084312998
1.5099554076582904,6.2459274651508565
1.662816474164079,6.327513331518078
2.2834708499656053,6.546164449572525
2.99617628738089,6.528502124712555
3.7533493238798816,6.519204860096753
4.152328299908037,6.445005037159163
4.675608529187708,6.1675745125026324
5.134291797029176,5.839808012382446
5.570100798759436,5.583253769690719
6.36650206035196,5.507457790022685

3.233751736752157,5.482337428963634
2.441764206855339,5.369396061485027
1.878448133075822,5.49000859685611
1.6564274188110764,5.720392084312998
1.5099554076582904,6.2459274651508565
1.662816474164079,6.327513331518078

3.233751736752157,5.482337428963634
2.441764206855339,5.369396061485027
1.878448133075822,5.49000859685611
1.6564274188110764,5.720392084312998
1.5099554076582904,6.2459274651508565
1.662816474164079,6.327513331518078
2.2834708499656053,6.546164449572525

3.233751736752157,5.482337428963634
2.441764206855339,5.369396061485027
1.878448133075822,5.49000859685611
1.6564274188110764,5.720392084312998
1.5099554076582904,6.2459274651508565
1.662816474164079,6.327513331518078
2.2834708499656053,6.546164449572525
2.8522531610816855,6.563721475853965
3.113460864430999,6.549828416350324
3.9130624461862498,6.575073424856985
4.312318679645173,6.605462064148121

3.233751736752157,5.482337428963634
2.441764206855339,5.369396061485027
1.878448133075822,5.49000859685611
1.6564274188110764,5.720392084312998
1.5099554076582904,6.2459274651508565
1.662816474164079,6.327513331518078
2.2834708499656053,6.546164449572525
2.99617628738089,6.528502124712555
3.7533493238798816,6.519204860096753
4.152328299908037,6.445005037159163
4.675608529187708,6.1675745125026324
5.134291797029176,5.839808012382446
5.570100798759436,5.583253769690719
6.096039181167337,5.554404881640806
6.446456787986136,5.787955615395015
6.512540759910449,6.439583902451531

2.3825651590637067,5.460573282672845
1.610335959831802,5.669527975976565
1.5353668641572384,6.108017349720354
1.803113683808093,6.429119260522207
2.5998017181021402,6.501839106593874
3.0944444102627284,6.558140059897162
3.7556676648528398,6.73706086380188
4.367088322640884,6.29001984485333
4.416784929950997,6.115357066606592
4.376817500362426,5.31635606249453
4.446406968363988,4.751223841887798
4.415979245814119,4.080831376724919
4.434319460201363,3.6998027348692215
3.973431178498963,3.309642227293768
3.251790174580925,2.9643390829927547
3.081486410368967,2.8841902146344798
2.317925132472899,2.6454975777607728
1.8364845431500982,2.5201452456039926
1.5109402084874528,2.109027921453883
1.350637223651555,1.624910757764253

2.3825651590637067,5.460573282672845
1.610335959831802,5.669527975976565
1.5353668641572384,6.108017349720354
1.803113683808093,6.429119260522207
2.5998017181021402,6.501839106593874
3.0944444102627284,6.558140059897162
3.7556676648528398,6.73706086380188
4.367088322640884,6.29001984485333
4.416784929950997,6.115357066606592
4.376817500362426,5.31635606249453
4.446406968363988,4.751223841887798
4.479469864885773,4.037890655560742
4.473133437676164,3.508062130704989
4.490246090706485,2.896651363886314
4.473505732067891,2.4643772967137942
4.478972128382547,1.6643959728622115
3.74948936259096,1.585303825704865

2.3825651590637067,5.460573282672845
1.610335959831802,5.669527975976565
1.5353668641572384,6.108017349720354
1.803113683808093,6.429119260522207
2.5998017181021402,6.501839106593874
3.0944444102627284,6.558140059897162
3.7556676648528398,6.73706086380188
4.367088322640884,6.29001984485333
4.416784929950997,6.115357066606592
4.376817500362426,5.31635606249453
4.446406968363988,4.751223841887798
4.479469864885773,4.037890655560742
4.473133437676164,3.508062130704989
4.533216888539735,3.0425075422994916
4.625867882694383,2.5352170060718104
4.713261023705499,1.7401999356497084

2.3825651590637067,5.460573282672845
1.610335959831802,5.669527975976565
1.5353668641572384,6.108017349720354
1.803113683808093,6.429119260522207
2.5998017181021402,6.501839106593874
3.0944444102627284,6.558140059897162
3.7556676648528398,6.73706086380188
4.367088322640884,6.29001984485333
4.416784929950997,6.115357066606592
4.628593761465603,5.343905824535898
4.671186354032664,4.860019095122405
4.798445517831088,4.238932878857681
4.991708250188662,3.462627838115522
5.296644219714039,2.7230238532089923
5.419234655881445,2.432410570462218
5.525917828330334,1.955763539285127
5.810473970828878,1.5045431187581175
6.531737159420337,1.6544903445611068

2.3825651590637067,5.460573282672845
1.610335959831802,5.669527975976565
1.5353668641572384,6.108017349720354
1.803113683808093,6.429119260522207
2.5998017181021402,6.501839106593874
3.0944444102627284,6.558140059897162
3.7556676648528398,6.73706086380188
4.367088322640884,6.29001984485333
4.416784929950997,6.115357066606592
4.376817500362426,5.31635606249453
4.446406968363988,4.751223841887798
4.415979245814119,4.080831376724919
4.434319460201363,3.6998027348692215
3.973431178498963,3.309642227293768
3.2626004083426445,3.1264909466972592
2.901306949460105,3.0469488181586626
2.281914906888352,2.9103705664607773
1.6906513542299355,2.898117237757516

2.3825651590637067,5.460573282672845
1.610335959831802,5.669527975976565
1.5353668641572384,6.108017349720354
1.803113683808093,6.429119260522207
2.5998017181021402,6.501839106593874
3.0944444102627284,6.558140059897162
3.7556676648528398,6.73706086380188
4.367088322640884,6.29001984485333
4.416784929950997,6.115357066606592
4.376817500362426,5.31635606249453
4.446406968363988,4.751223841887798
4.415979245814119,4.080831376724919
4.434319460201363,3.6998027348692215
3.973431178498963,3.309642227293768
3.6090595353263244,3.174515047548849

2.3825651590637067,5.460573282672845
1.610335959831802,5.669527975976565
1.5353668641572384,6.108017349720354
1.803113683808093,6.429119260522207
2.5998017181021402,6.501839106593874
3.0944444102627284,6.558140059897162
3.7556676648528398,6.73706086380188
4.367088322640884,6.29001984485333
4.416784929950997,6.115357066606592
4.376817500362426,5.31635606249453
4.446406968363988,4.751223841887798
4.415979245814119,4.080831376724919
4.434319460201363,3.6998027348692215

2.3825651590637067,5.460573282672845
1.610335959831802,5.669527975976565
1.5353668641572384,6.108017349720354
1.803113683808093,6.429119260522207
2.5998017181021402,6.501839106593874
3.0944444102627284,6.558140059897162
3.7556676648528398,6.73706086380188
4.367088322640884,6.29001984485333
4.416784929950997,6.115357066606592
4.628593761465603,5.343905824535898
4.671186354032664,4.860019095122405
4.798445517831088,4.238932878857681
4.991708250188662,3.462627838115522
5.296644219714039,2.7230238532089923
5.419234655881445,2.432410570462218
5.525917828330334,1.955763539285127
5.810473970828878,1.5045431187581175
6.184034960112047,1.487637093928118
6.542533957396809,1.9480021666712433
6.6728014194248235,2.3110922241074676

2.3825651590637067,5.460573282672845
1.6344981270542096,5.2060429853977475

2.3825651590637067,5.460573282672845
1.610335959831802,5.669527975976565
1.5353668641572384,6.108017349720354
1.803113683808093,6.429119260522207
2.5998017181021402,6.501839106593874
3.0944444102627284,6.558140059897162
3.7556676648528398,6.73706086380188
4.367088322640884,6.29001984485333
4.749253280717725,5.656200955602754

2.3825651590637067,5.460573282672845
1.610335959831802,5.669527975976565
1.5353668641572384,6.108017349720354
1.803113683808093,6.429119260522207
2.5998017181021402,6.501839106593874
3.0944444102627284,6.558140059897162
3.7556676648528398,6.73706086380188
4.367088322640884,6.29001984485333
5.087634192623923,5.985519366465083
5.404680642642206,5.86619764766947
5.84800904342899,5.569970233478599
6.250143038545014,5.580719105528978

2.3825651590637067,5.460573282672845
1.610335959831802,5.669527975976565
1.4359074643979481,6.278280346149508

2.3825651590637067,5.460573282672845
1.610335959831802,5.669527975976565
1.5353668641572384,6.108017349720354
1.803113683808093,6.429119260522207
2.353330081459188,6.728514627527056

2.3825651590637067,5.460573282672845
1.610335959831802,5.669527975976565
1.5353668641572384,6.108017349720354
1.803113683808093,6.429119260522207
2.5998017181021402,6.501839106593874
3.0944444102627284,6.558140059897162
3.6468177535094166,6.717025565435741
4.283275484473822,6.6479961268627745

2.3825651590637067,5.460573282672845
1.610335959831802,5.669527975976565
1.5353668641572384,6.108017349720354
1.803113683808093,6.429119260522207
2.5998017181021402,6.501839106593874
3.0944444102627284,6.558140059897162
3.7556676648528398,6.73706086380188
4.367088322640884,6.29001984485333
5.087634192623923,5.985519366465083
5.404680642642206,5.86619764766947
5.84800904342899,5.569970233478599
6.250143038545014,5.580719105528978
6.6447485277389085,6.087164402387414
6.682146594612308,6.308144042557249

2.1932961783453173,4.928404170269952
1.7171366323890842,5.411291216087454
1.6320382662278876,5.508101705253937
1.586255064170031,6.306790567333113
1.7518709254207967,6.373068362364326
2.1197348994534075,6.432491046602722
2.7231799267858223,6.4967953099544005
3.2713578368260614,6.540415402822354
3.5999179274737947,6.596924582090622
4.2110731798666645,6.602424957119894
4.533441764337696,6.067465838158132
4.5044748859735035,5.275431423268042
4.559571306298646,4.522099169355162
4.690750009410132,3.8513392639329513
3.9931911958007147,3.5057224508625207
3.2728970891653253,3.157618443493564
2.7768000482838144,2.9084734418512905
2.0541011867048544,2.714718332906581
1.5553396958662917,2.1906728276150895
1.5879288945995125,1.6323170477563242

2.1932961783453173,4.928404170269952
1.7171366323890842,5.411291216087454
1.6320382662278876,5.508101705253937
1.586255064170031,6.306790567333113
1.7518709254207967,6.373068362364326
2.1197348994534075,6.432491046602722
2.7231799267858223,6.4967953099544005
3.2713578368260614,6.540415402822354
3.5999179274737947,6.596924582090622
4.2110731798666645,6.602424957119894
4.533441764337696,6.067465838158132
4.5044748859735035,5.275431423268042
4.559571306298646,4.522099169355162
4.690750009410132,3.8513392639329513
4.612882588816306,3.4647923752456586
4.589262938047889,2.846442602041614
4.559543812842948,2.321376985721337
4.5542239634031585,1.9115509396984574
4.219348563019631,1.6132228294156976
3.577666538110699,1.3749989663070517

2.1932961783453173,4.928404170269952
1.7171366323890842,5.411291216087454
1.6320382662278876,5.508101705253937
1.586255064170031,6.306790567333113
1.7518709254207967,6.373068362364326
2.1197348994534075,6.432491046602722
2.7231799267858223,6.4967953099544005
3.2713578368260614,6.540415402822354
3.5999179274737947,6.596924582090622
4.2110731798666645,6.602424957119894
4.533441764337696,6.067465838158132
4.646140353090256,5.2794151902271915
4.74801101853762,4.658580844982713
4.729764587857503,4.0065619198281315
4.745205748238165,3.5045164454746485
4.802976892554022,3.0000606857905057
4.792560023276758,2.648669670158188
4.791597732990889,1.849193027311558
4.806978631688269,1.7041424272313943

2.1932961783453173,4.928404170269952
1.7171366323890842,5.411291216087454
1.6320382662278876,5.508101705253937
1.586255064170031,6.306790567333113
1.7518709254207967,6.373068362364326
2.551590231078626,6.394258741269846
3.2705864482389884,6.412234156067519
4.068386222391322,6.471525979808114
4.757892018821071,6.065839208160606
4.843496171836019,5.579564536495776
4.966442957222504,4.949079712155362
5.165144924171178,4.404860049473466
5.295362199250334,3.747694754172274
5.371187477016594,3.0155402524054735
5.389123402102958,2.8613837546614698
5.504507789525098,2.1383117201733013
5.72714851098914,1.5325113055448298
6.256389976860223,1.1104236839455388

2.1932961783453173,4.928404170269952
1.7171366323890842,5.411291216087454
1.6320382662278876,5.508101705253937
1.586255064170031,6.306790567333113
1.7518709254207967,6.373068362364326
2.1197348994534075,6.432491046602722
2.7231799267858223,6.4967953099544005
3.2713578368260614,6.540415402822354
3.5999179274737947,6.596924582090622
4.2110731798666645,6.602424957119894
4.533441764337696,6.067465838158132
4.5044748859735035,5.275431423268042
4.559571306298646,4.522099169355162
4.690750009410132,3.8513392639329513
3.9931911958007147,3.5057224508625207
3.329003967711904,3.2830934163420746
2.788722351961428,3.1080959840935147
2.081753284984323,2.7930752953987734
1.7431620156627294,2.7872480413040055

2.1932961783453173,4.928404170269952
1.7171366323890842,5.411291216087454
1.6320382662278876,5.508101705253937
1.586255064170031,6.306790567333113
1.7518709254207967,6.373068362364326
2.1197348994534075,6.432491046602722
2.7231799267858223,6.4967953099544005
3.2713578368260614,6.540415402822354
3.5999179274737947,6.596924582090622
4.2110731798666645,6.602424957119894
4.533441764337696,6.067465838158132
4.5044748859735035,5.275431423268042
4.559571306298646,4.522099169355162
4.690750009410132,3.8513392639329513
3.9931911958007147,3.5057224508625207
3.636219322395766,3.458935410059426

2.1932961783453173,4.928404170269952
1.7171366323890842,5.411291216087454
1.6320382662278876,5.508101705253937
1.586255064170031,6.306790567333113
1.7518709254207967,6.373068362364326
2.1197348994534075,6.432491046602722
2.7231799267858223,6.4967953099544005
3.2713578368260614,6.540415402822354
3.5999179274737947,6.596924582090622
4.2110731798666645,6.602424957119894
4.533441764337696,6.067465838158132
4.5044748859735035,5.275431423268042
4.559571306298646,4.522099169355162
4.708880667020787,3.7499448681413887

2.1932961783453173,4.928404170269952
1.7171366323890842,5.411291216087454
1.6320382662278876,5.508101705253937
1.586255064170031,6.306790567333113
1.7518709254207967,6.373068362364326
2.551590231078626,6.394258741269846
3.2705864482389884,6.412234156067519
4.068386222391322,6.471525979808114
4.757892018821071,6.065839208160606
4.843496171836019,5.579564536495776
4.966442957222504,4.949079712155362
5.165144924171178,4.404860049473466
5.295362199250334,3.747694754172274
5.371187477016594,3.0155402524054735
5.389123402102958,2.8613837546614698
5.504507789525098,2.1383117201733013
5.72714851098914,1.5325113055448298
5.946666516798499,1.3873776062646344
6.4412699255919925,1.8189484482538065
6.459805699082727,1.8841303751100247
6.638839931658227,2.6227174842697534

2.1932961783453173,4.928404170269952
1.6583519578944648,4.780230174639584

2.1932961783453173,4.928404170269952
1.7171366323890842,5.411291216087454
1.6320382662278876,5.508101705253937
1.586255064170031,6.306790567333113
1.7518709254207967,6.373068362364326
2.551590231078626,6.394258741269846
3.2705864482389884,6.412234156067519
4.068386222391322,6.471525979808114
4.757892018821071,6.065839208160606
4.843630250249066,5.666390174023334

2.1932961783453173,4.928404170269952
1.7171366323890842,5.411291216087454
1.6320382662278876,5.508101705253937
1.586255064170031,6.306790567333113
1.7518709254207967,6.373068362364326
2.551590231078626,6.394258741269846
3.2705864482389884,6.412234156067519
4.068386222391322,6.471525979808114
4.757892018821071,6.065839208160606
5.1797963142078896,5.818851157570056
5.8483422561109615,5.59265019783098
6.3765038312204325,5.395041280614276

2.1932961783453173,4.928404170269952
1.6858654537356532,5.546881380619785
1.4267592417766957,6.303759158681924

2.1932961783453173,4.928404170269952
1.7171366323890842,5.411291216087454
1.6320382662278876,5.508101705253937
1.586255064170031,6.306790567333113
2.262347927800902,6.602550950615757

2.1932961783453173,4.928404170269952
1.7171366323890842,5.411291216087454
1.6320382662278876,5.508101705253937
1.586255064170031,6.306790567333113
1.7518709254207967,6.373068362364326
2.1197348994534075,6.432491046602722
2.7231799267858223,6.4967953099544005
3.1901857550476422,6.628979024492335
3.53186400422243,6.709344972071028
4.272062641943909,6.823561701376979

2.1932961783453173,4.928404170269952
1.7171366323890842,5.411291216087454
1.6320382662278876,5.508101705253937
1.586255064170031,6.306790567333113
1.7518709254207967,6.373068362364326
2.551590231078626,6.394258741269846
3.2705864482389884,6.412234156067519
4.068386222391322,6.471525979808114
4.757892018821071,6.065839208160606
5.1797963142078896,5.818851157570056
5.8483422561109615,5.59265019783098
6.5963406212405475,5.661511711256116
6.756196659696306,6.415493442861844

2.903369466276035,4.749831319414675
2.6252722591254436,4.965044763173211
1.9769361957270097,5.422712175445266
1.646689542238665,5.729447689973371
1.6068958416590993,5.818760280053132
1.5781887316945942,6.332386447066863
2.3391016374118987,6.579391608779829
3.0329238971375867,6.53412862328555
3.8290136299722244,6.529233181259861
4.1074297532515365,6.541431935503739
4.459600137596879,6.165694704787048
4.490460575384353,5.676261103790386
4.422815926800924,4.915217167352184
4.618667240500259,4.139561146346581
4.195896329489633,3.525798718360625
3.7985599891068955,3.324535031280547
3.413868103816895,3.1240024533386643
2.644506290389377,2.9047254594712704
2.3205132193036153,2.77829913738579
1.6858084891762033,2.4138181916749737
1.4182493257174822,1.6598870979739182

2.903369466276035,4.749831319414675
2.6252722591254436,4.965044763173211
1.9769361957270097,5.422712175445266
1.646689542238665,5.729447689973371
1.6068958416590993,5.818760280053132
1.5781887316945942,6.332386447066863
2.3391016374118987,6.579391608779829
3.0329238971375867,6.53412862328555
3.8290136299722244,6.529233181259861
4.1074297532515365,6.541431935503739
4.459600137596879,6.165694704787048
4.490460575384353,5.676261103790386
4.422815926800924,4.915217167352184
4.501490158243738,4.281378690164278
4.402337059233656,3.4875470562791713
4.422125171745492,3.1836931268891586
4.46374505985509,2.427189361604609
4.521581252186276,1.907789481856815
4.07672902427027,1.4500366069461017
3.728501914045584,1.5075853344711139

2.903369466276035,4.749831319414675
2.6252722591254436,4.965044763173211
1.9769361957270097,5.422712175445266
1.646689542238665,5.729447689973371
1.6068958416590993,5.818760280053132
1.5781887316945942,6.332386447066863
2.3391016374118987,6.579391608779829
3.0329238971375867,6.53412862328555
3.8290136299722244,6.529233181259861
4.1074297532515365,6.541431935503739
4.459600137596879,6.165694704787048
4.490460575384353,5.676261103790386
4.422815926800924,4.915217167352184
4.501490158243738,4.281378690164278
4.557739524186546,4.0861934632538475
4.564632015376965,3.3310244693968096
4.574555796242937,3.2671375460845926
4.703013312912053,2.5365497770354817
4.8367623637503145,2.1321025954682726
4.857269079181093,1.730670269107133

2.903369466276035,4.749831319414675
2.6252722591254436,4.965044763173211
1.9769361957270097,5.422712175445266
1.646689542238665,5.729447689973371
1.6068958416590993,5.818760280053132
1.5781887316945942,6.332386447066863
2.3391016374118987,6.579391608779829
3.0329238971375867,6.53412862328555
3.8290136299722244,6.529233181259861
4.1074297532515365,6.541431935503739
4.459600137596879,6.165694704787048
4.591046457799809,5.697328724893583
4.739862837573551,4.916130515263053
4.916868846643519,4.162993063567046
4.952793810341009,3.995612829827818
5.0929032279078665,3.365252662321984
5.198324909867807,2.99000790148761
5.4101743522992365,2.3088534225785495
5.616339965308053,1.6310804227341573
5.929465878277046,1.3284531811201759
6.27547550428821,1.0599364670547307

2.903369466276035,4.749831319414675
2.6252722591254436,4.965044763173211
1.9769361957270097,5.422712175445266
1.646689542238665,5.729447689973371
1.6068958416590993,5.818760280053132
1.5781887316945942,6.332386447066863
2.3391016374118987,6.579391608779829
3.0329238971375867,6.53412862328555
3.8290136299722244,6.529233181259861
4.1074297532515365,6.541431935503739
4.459600137596879,6.165694704787048
4.490460575384353,5.676261103790386
4.422815926800924,4.915217167352184
4.618667240500259,4.139561146346581
4.195896329489633,3.525798718360625
3.7985599891068955,3.324535031280547
3.1077693003895694,3.257482035697531
2.5968308921099705,3.193203565727739
1.868012900152243,3.1953689941232106
1.66646190097593,3.143848865092156

2.903369466276035,4.749831319414675
2.6252722591254436,4.965044763173211
1.9769361957270097,5.422712175445266
1.646689542238665,5.729447689973371
1.6068958416590993,5.818760280053132
1.5781887316945942,6.332386447066863
2.3391016374118987,6.579391608779829
3.0329238971375867,6.53412862328555
3.8290136299722244,6.529233181259861
4.1074297532515365,6.541431935503739
4.459600137596879,6.165694704787048
4.490460575384353,5.676261103790386
4.422815926800924,4.915217167352184
4.618667240500259,4.139561146346581
4.195896329489633,3.525798718360625
3.7142368663023353,3.282548923154105

2.903369466276035,4.749831319414675
2.6252722591254436,4.965044763173211
1.9769361957270097,5.422712175445266
1.646689542238665,5.729447689973371
1.6068958416590993,5.818760280053132
1.5781887316945942,6.332386447066863
2.3391016374118987,6.579391608779829
3.0329238971375867,6.53412862328555
3.8290136299722244,6.529233181259861
4.1074297532515365,6.541431935503739
4.459600137596879,6.165694704787048
4.591046457799809,5.697328724893583
4.739862837573551,4.916130515263053
4.883003523295333,4.260826323870477
4.9459117316919095,3.7491439811750022

2.903369466276035,4.749831319414675
2.6252722591254436,4.965044763173211
1.9769361957270097,5.422712175445266
1.646689542238665,5.729447689973371
1.6068958416590993,5.818760280053132
1.5781887316945942,6.332386447066863
2.3391016374118987,6.579391608779829
3.0329238971375867,6.53412862328555
3.8290136299722244,6.529233181259861
4.1074297532515365,6.541431935503739
4.459600137596879,6.165694704787048
4.591046457799809,5.697328724893583
4.739862837573551,4.916130515263053
4.916868846643519,4.162993063567046
4.952793810341009,3.995612829827818
5.0929032279078665,3.365252662321984
5.198324909867807,2.99000790148761
5.4101743522992365,2.3088534225785495
5.616339965308053,1.6310804227341573
5.963795542177426,1.4736502094386077
6.636532792131349,1.868105890666576
6.8124373042622945,2.3558411331932123

2.903369466276035,4.749831319414675
2.7283089787807375,4.6836795648052965
2.0436263518274895,4.625496757205444
1.6866524056788785,4.595516025327814

2.903369466276035,4.749831319414675
2.6252722591254436,4.965044763173211
1.9769361957270097,5.422712175445266
1.646689542238665,5.729447689973371
1.6068958416590993,5.818760280053132
1.5781887316945942,6.332386447066863
2.3391016374118987,6.579391608779829
3.0329238971375867,6.53412862328555
3.8290136299722244,6.529233181259861
4.1074297532515365,6.541431935503739
4.459600137596879,6.165694704787048
4.422285123334439,5.74944328321751

2.903369466276035,4.749831319414675
2.6252722591254436,4.965044763173211
1.9769361957270097,5.422712175445266
1.646689542238665,5.729447689973371
1.6068958416590993,5.818760280053132
1.5781887316945942,6.332386447066863
2.3391016374118987,6.579391608779829
3.0329238971375867,6.53412862328555
3.8290136299722244,6.529233181259861
4.1074297532515365,6.541431935503739
4.790166896477993,6.12445472598387
5.34126120983607,5.88272072338744
5.6985927948556565,5.66169519315239
6.255229009321882,5.502094427029232

2.903369466276035,4.749831319414675
2.6252722591254436,4.965044763173211
1.9769361957270097,5.422712175445266
1.646689542238665,5.729447689973371
1.6068958416590993,5.818760280053132
1.5781887316945942,6.332386447066863

2.903369466276035,4.749831319414675
2.6252722591254436,4.965044763173211
1.9769361957270097,5.422712175445266
1.646689542238665,5.729447689973371
1.6068958416590993,5.818760280053132
1.5781887316945942,6.332386447066863
2.3391016374118987,6.579391608779829

2.903369466276035,4.749831319414675
2.6252722591254436,4.965044763173211
1.9769361957270097,5.422712175445266
1.646689542238665,5.729447689973371
1.6068958416590993,5.818760280053132
1.5781887316945942,6.332386447066863
2.3391016374118987,6.579391608779829
3.0329238971375867,6.53412862328555
3.8290136299722244,6.529233181259861
4.341661018522542,6.581169732002463

2.903369466276035,4.749831319414675
2.6252722591254436,4.965044763173211
1.9769361957270097,5.422712175445266
1.646689542238665,5.729447689973371
1.6068958416590993,5.818760280053132
1.5781887316945942,6.332386447066863
2.3391016374118987,6.579391608779829
3.0329238971375867,6.53412862328555
3.8290136299722244,6.529233181259861
4.1074297532515365,6.541431935503739
4.790166896477993,6.12445472598387
5.34126120983607,5.88272072338744
5.6985927948556565,5.66169519315239
6.137710793281565,5.4962653388370395
6.535539255677168,5.934766493261218
6.567334187285607,6.260121697392195

3.477520477232091,4.893571136184645
2.946841076966243,5.174834464225329
2.253782528787822,5.441701084720304
1.6152094007785864,5.712834721961232
1.5774870538534203,6.511944867399555
2.0068689567879465,6.56721186099968
2.3878473533773263,6.5860029657418595
3.186494702762789,6.539501231155132
3.647705008958626,6.545971057390842
4.416341461975229,6.324164828681961
4.390639265064474,5.533423813109662
4.4027271387164895,4.759558558962505
4.440438910398284,3.960447914385285
4.452008554048378,3.815377375719933
4.101779312378955,3.402218218284842
3.388999044638447,3.227506350440046
2.7411270850558416,3.044159909466615
2.081090833081439,2.7169373373063648
1.7160024481043978,2.4840921591663436
1.598470489447481,2.1315680485025124
1.2945658505966477,1.4078765388151793

3.477520477232091,4.893571136184645
2.946841076966243,5.174834464225329
2.253782528787822,5.441701084720304
1.6152094007785864,5.712834721961232
1.5774870538534203,6.511944867399555
2.0068689567879465,6.56721186099968
2.3878473533773263,6.5860029657418595
3.186494702762789,6.539501231155132
3.647705008958626,6.545971057390842
4.416341461975229,6.324164828681961
4.390639265064474,5.533423813109662
4.489502546113503,4.7590462740703705
4.505623492885113,4.267672376508399
4.54416212859674,3.5382092763837414
4.536198126025737,2.9710288389264443
4.518285674489082,2.515714412046919
4.460150317499155,1.7178295329649464
3.6959871527332533,1.481070884516865

3.477520477232091,4.893571136184645
2.946841076966243,5.174834464225329
2.253782528787822,5.441701084720304
1.6152094007785864,5.712834721961232
1.5774870538534203,6.511944867399555
2.0068689567879465,6.56721186099968
2.3878473533773263,6.5860029657418595
3.186494702762789,6.539501231155132
3.647705008958626,6.545971057390842
4.416341461975229,6.324164828681961
4.390639265064474,5.533423813109662
4.489502546113503,4.7590462740703705
4.505623492885113,4.267672376508399
4.54416212859674,3.5382092763837414
4.536198126025737,2.9710288389264443
4.518285674489082,2.515714412046919
4.460150317499155,1.7178295329649464

3.477520477232091,4.893571136184645
2.946841076966243,5.174834464225329
2.253782528787822,5.441701084720304
1.6152094007785864,5.712834721961232
1.5774870538534203,6.511944867399555
2.0068689567879465,6.56721186099968
2.3878473533773263,6.5860029657418595
3.186494702762789,6.539501231155132
3.647705008958626,6.545971057390842
4.416341461975229,6.324164828681961
4.508690153556687,6.0165961024633035
4.733959968594924,5.330957930540631
4.912172210424023,4.6668378641566495
5.012457837095157,4.248794262403427
5.084854582991971,3.826775830639283
5.187051702265691,3.0333303386159476
5.248458584417741,2.685698879634793
5.295824488427208,2.1094423859566813
5.368382357307384,1.8173328057130254
5.976703134692957,1.5323410005377494
6.265563725169018,1.4971788078745782

3.477520477232091,4.893571136184645
2.946841076966243,5.174834464225329
2.253782528787822,5.441701084720304
1.6152094007785864,5.712834721961232
1.5774870538534203,6.511944867399555
2.0068689567879465,6.56721186099968
2.3878473533773263,6.5860029657418595
3.186494702762789,6.539501231155132
3.647705008958626,6.545971057390842
4.416341461975229,6.324164828681961
4.390639265064474,5.533423813109662
4.4027271387164895,4.759558558962505
4.440438910398284,3.960447914385285
4.452008554048378,3.815377375719933
4.101779312378955,3.402218218284842
3.5219937158124135,3.389270772539385
2.999414510499144,3.4246029875317596
2.2134227249924754,3.416802281893609
1.6193663471964905,3.541779131795339

3.477520477232091,4.893571136184645
2.946841076966243,5.174834464225329
2.253782528787822,5.441701084720304
1.6152094007785864,5.712834721961232
1.5774870538534203,6.511944867399555
2.0068689567879465,6.56721186099968
2.3878473533773263,6.5860029657418595
3.186494702762789,6.539501231155132
3.647705008958626,6.545971057390842
4.416341461975229,6.324164828681961
4.390639265064474,5.533423813109662
4.4027271387164895,4.759558558962505
4.440438910398284,3.960447914385285
4.452008554048378,3.815377375719933
4.101779312378955,3.402218218284842
3.742024191600507,3.2183445374208333

3.477520477232091,4.893571136184645
2.946841076966243,5.174834464225329
2.253782528787822,5.441701084720304
1.6152094007785864,5.712834721961232
1.5774870538534203,6.511944867399555
2.0068689567879465,6.56721186099968
2.3878473533773263,6.5860029657418595
3.186494702762789,6.539501231155132
3.647705008958626,6.545971057390842
4.416341461975229,6.324164828681961
4.508690153556687,6.0165961024633035
4.733959968594924,5.330957930540631
4.814327225603618,4.791866330308662
4.850227901191249,4.144508549793274
4.876402980176514,3.6351044478669308

3.477520477232091,4.893571136184645
2.946841076966243,5.174834464225329
2.253782528787822,5.441701084720304
1.6152094007785864,5.712834721961232
1.5774870538534203,6.511944867399555
2.0068689567879465,6.56721186099968
2.3878473533773263,6.5860029657418595
3.186494702762789,6.539501231155132
3.647705008958626,6.545971057390842
4.416341461975229,6.324164828681961
4.508690153556687,6.0165961024633035
4.733959968594924,5.330957930540631
4.912172210424023,4.6668378641566495
5.012457837095157,4.248794262403427
5.084854582991971,3.826775830639283
5.187051702265691,3.0333303386159476
5.248458584417741,2.685698879634793
5.295824488427208,2.1094423859566813
5.368382357307384,1.8173328057130254
5.976703134692957,1.5323410005377494
6.314004188346463,1.6398164242316398
6.635058912853533,2.2644074774020577

3.477520477232091,4.893571136184645
2.6777182792109095,4.911360010249271
2.42247790708886,4.895355781657015
1.6845546188925,4.80591389146104

3.477520477232091,4.893571136184645
2.946841076966243,5.174834464225329
2.253782528787822,5.441701084720304
1.6152094007785864,5.712834721961232
1.5774870538534203,6.511944867399555
2.0068689567879465,6.56721186099968
2.3878473533773263,6.5860029657418595
3.186494702762789,6.539501231155132
3.647705008958626,6.545971057390842
4.416341461975229,6.324164828681961
4.390639265064474,5.533423813109662

3.477520477232091,4.893571136184645
2.946841076966243,5.174834464225329
2.253782528787822,5.441701084720304
1.6152094007785864,5.712834721961232
1.5774870538534203,6.511944867399555
2.0068689567879465,6.56721186099968
2.3878473533773263,6.5860029657418595
3.186494702762789,6.539501231155132
3.647705008958626,6.545971057390842
4.416341461975229,6.324164828681961
4.772827022086101,6.236227141490211
5.395410917151295,5.733843529490923
5.6864331305515945,5.555596663951971
6.251449317693694,5.031835917669676

3.477520477232091,4.893571136184645
2.946841076966243,5.174834464225329
2.253782528787822,5.441701084720304
1.6152094007785864,5.712834721961232
1.2763807734085055,6.31891652916051

3.477520477232091,4.893571136184645
2.946841076966243,5.174834464225329
2.253782528787822,5.441701084720304
1.6152094007785864,5.712834721961232
1.5774870538534203,6.511944867399555
2.0068689567879465,6.56721186099968
2.3878473533773263,6.5860029657418595

3.477520477232091,4.893571136184645
2.946841076966243,5.174834464225329
2.253782528787822,5.441701084720304
1.6152094007785864,5.712834721961232
1.5774870538534203,6.511944867399555
2.0068689567879465,6.56721186099968
2.802275302546891,6.652819951308962
2.953007346144159,6.687386200883052
3.6419739513089984,6.821968650913991
4.2748569118107325,6.892610931640929

3.477520477232091,4.893571136184645
2.946841076966243,5.174834464225329
2.253782528787822,5.441701084720304
1.6152094007785864,5.712834721961232
1.5774870538534203,6.511944867399555
2.0068689567879465,6.56721186099968
2.3878473533773263,6.5860029657418595
3.186494702762789,6.539501231155132
3.647705008958626,6.545971057390842
4.416341461975229,6.324164828681961
4.772827022086101,6.236227141490211
5.395410917151295,5.733843529490923
5.6864331305515945,5.555596663951971
6.189319831286312,5.579303607635578
6.714459398786674,5.967031272809625
6.678220538346855,6.358869110302743

2.870882610759974,4.940175832287479
2.1704330053268377,5.326660437735825
1.6219836113059691,5.6285548102031155
1.5689322482719261,6.238488757918931
2.0906094375087902,6.5419823159787045
2.426117059642164,6.508284568869949
2.997388797384432,6.418440969210563
3.7641743046786886,6.4717446986325715
4.249292842275673,6.486632997790479
4.420044218831992,6.148896255896223
4.402486784829439,5.754194834084711
4.432311707191889,5.134740502111934
4.465989671152793,4.486937321768243
4.50965487239795,3.701188222012545
4.060384602335891,3.502712583187451
3.3613707483617112,3.2666137023145154
3.0172067125084396,3.1152092824053446
2.3393956293203746,2.690271480477319
1.6007528516247496,2.383014508289394
1.186475425413441,1.7722594544751238
1.0823993258476308,1.5940456944855155

2.870882610759974,4.940175832287479
2.1704330053268377,5.326660437735825
1.6219836113059691,5.6285548102031155
1.5689322482719261,6.238488757918931
2.0906094375087902,6.5419823159787045
2.426117059642164,6.508284568869949
2.997388797384432,6.418440969210563
3.7641743046786886,6.4717446986325715
4.249292842275673,6.486632997790479
4.420044218831992,6.148896255896223
4.402486784829439,5.754194834084711
4.432311707191889,5.134740502111934
4.465989671152793,4.486937321768243
4.50965487239795,3.701188222012545
4.503695868729263,3.1300565547694306
4.502942638223474,2.445668931285869
4.486376220043358,2.1928817006871473
4.285923080293057,1.5422334079018238
3.5199974960755442,1.446064544556329

2.870882610759974,4.940175832287479
2.1704330053268377,5.326660437735825
1.6219836113059691,5.6285548102031155
1.5689322482719261,6.238488757918931
2.0906094375087902,6.5419823159787045
2.426117059642164,6.508284568869949
2.997388797384432,6.418440969210563
3.7641743046786886,6.4717446986325715
4.249292842275673,6.486632997790479
4.420044218831992,6.148896255896223
4.402486784829439,5.754194834084711
4.432311707191889,5.134740502111934
4.465989671152793,4.486937321768243
4.50965487239795,3.701188222012545
4.503695868729263,3.1300565547694306
4.502942638223474,2.445668931285869
4.498385575095167,2.095306735514233
4.571102776888471,1.6335469296623364

2.870882610759974,4.940175832287479
2.1704330053268377,5.326660437735825
1.6219836113059691,5.6285548102031155
1.5689322482719261,6.238488757918931
2.0906094375087902,6.5419823159787045
2.426117059642164,6.508284568869949
2.997388797384432,6.418440969210563
3.7641743046786886,6.4717446986325715
4.249292842275673,6.486632997790479
4.420044218831992,6.148896255896223
4.4688451243090705,5.845970019186021
4.691033599992833,5.288382718911022
4.759289932930303,4.93118421181863
4.952669311429003,4.379542712469493
5.147218428365166,3.605323548405277
5.26582199093986,3.096478353957336
5.413709386389525,2.4585569644833867
5.6082707314514,1.7805946194329252
5.897075799658451,1.5153889578365969
6.390412644821314,1.5729527819190765

2.870882610759974,4.940175832287479
2.1704330053268377,5.326660437735825
1.6219836113059691,5.6285548102031155
1.5689322482719261,6.238488757918931
2.0906094375087902,6.5419823159787045
2.426117059642164,6.508284568869949
2.997388797384432,6.418440969210563
3.7641743046786886,6.4717446986325715
4.249292842275673,6.486632997790479
4.420044218831992,6.148896255896223
4.402486784829439,5.754194834084711
4.432311707191889,5.134740502111934
4.465989671152793,4.486937321768243
4.50965487239795,3.701188222012545
3.738986108044753,3.4865497919718904
3.561139359665827,3.4570462545114036
2.8921421503913507,3.3214059642766114
2.449802794302057,3.1579527201445665
1.746096684598514,2.8961507518251537

2.870882610759974,4.940175832287479
2.1704330053268377,5.326660437735825
1.6219836113059691,5.6285548102031155
1.5689322482719261,6.238488757918931
2.0906094375087902,6.5419823159787045
2.426117059642164,6.508284568869949
2.997388797384432,6.418440969210563
3.7641743046786886,6.4717446986325715
4.249292842275673,6.486632997790479
4.420044218831992,6.148896255896223
4.402486784829439,5.754194834084711
4.432311707191889,5.134740502111934
4.465989671152793,4.486937321768243
4.50965487239795,3.701188222012545
3.738986108044753,3.4865497919718904

2.870882610759974,4.940175832287479
2.1704330053268377,5.326660437735825
1.6219836113059691,5.6285548102031155
1.5689322482719261,6.238488757918931
2.0906094375087902,6.5419823159787045
2.426117059642164,6.508284568869949
2.997388797384432,6.418440969210563
3.7641743046786886,6.4717446986325715
4.249292842275673,6.486632997790479
4.420044218831992,6.148896255896223
4.402486784829439,5.754194834084711
4.432311707191889,5.134740502111934
4.465989671152793,4.486937321768243
4.50965487239795,3.701188222012545

2.870882610759974,4.940175832287479
2.1704330053268377,5.326660437735825
1.6219836113059691,5.6285548102031155
1.5689322482719261,6.238488757918931
2.0906094375087902,6.5419823159787045
2.426117059642164,6.508284568869949
2.997388797384432,6.418440969210563
3.7641743046786886,6.4717446986325715
4.249292842275673,6.486632997790479
4.420044218831992,6.148896255896223
4.4688451243090705,5.845970019186021
4.691033599992833,5.288382718911022
4.759289932930303,4.93118421181863
4.952669311429003,4.379542712469493
5.147218428365166,3.605323548405277
5.26582199093986,3.096478353957336
5.413709386389525,2.4585569644833867
5.6082707314514,1.7805946194329252
5.897075799658451,1.5153889578365969
6.39763653593999,1.659840485072186
6.661394682910518,2.311468390826655

2.870882610759974,4.940175832287479
2.1154569891484822,5.203485783130381
1.7441353951607192,5.320242275006368

2.870882610759974,4.940175832287479
2.1704330053268377,5.326660437735825
1.6219836113059691,5.6285548102031155
1.5689322482719261,6.238488757918931
2.0906094375087902,6.5419823159787045
2.426117059642164,6.508284568869949
2.997388797384432,6.418440969210563
3.7641743046786886,6.4717446986325715
4.249292842275673,6.486632997790479
4.420044218831992,6.148896255896223
4.457479012951619,5.58595104522534

2.870882610759974,4.940175832287479
2.1704330053268377,5.326660437735825
1.6219836113059691,5.6285548102031155
1.5689322482719261,6.238488757918931
2.0906094375087902,6.5419823159787045
2.426117059642164,6.508284568869949
2.997388797384432,6.418440969210563
3.441346167027871,6.417294910334398
3.831045781584544,6.451960670133918
4.599110907306041,6.3268285899478
5.1582468778963335,5.9931481252961305
5.311900439999208,5.927032800675359
5.981910334145961,5.489898105477807
6.314883732284167,5.646328613350681

2.870882610759974,4.940175832287479
2.773080312952798,5.010558868359693
2.093345663872787,5.399495716690646
1.660435597214048,5.676148969175046
1.4919329576748748,6.265948655996715

2.870882610759974,4.940175832287479
2.1704330053268377,5.326660437735825
1.6219836113059691,5.6285548102031155
1.5689322482719261,6.238488757918931
2.0906094375087902,6.5419823159787045
2.2637924820806843,6.4891641634678034

2.870882610759974,4.940175832287479
2.1704330053268377,5.326660437735825
1.6219836113059691,5.6285548102031155
1.5689322482719261,6.238488757918931
2.0906094375087902,6.5419823159787045
2.4797211084978135,6.623840724035279
2.9998994872324984,6.708142675395472
3.7638317099507486,6.730467928523075
4.267321568668349,6.70945201967257

2.870882610759974,4.940175832287479
2.1704330053268377,5.326660437735825
1.6219836113059691,5.6285548102031155
1.5689322482719261,6.238488757918931
2.0906094375087902,6.5419823159787045
2.426117059642164,6.508284568869949
2.997388797384432,6.418440969210563
3.441346167027871,6.417294910334398
3.831045781584544,6.451960670133918
4.599110907306041,6.3268285899478
5.1582468778963335,5.9931481252961305
5.311900439999208,5.927032800675359
5.981910334145961,5.489898105477807
6.314883732284167,5.646328613350681
6.524934304225225,6.275790174955654

3.089058603541095,5.50792587972213
2.5952697292600004,5.544364002413354
1.947410590136755,5.579936870286032
1.5748067496144076,5.610560823498959
1.5792737353955097,6.308299765578594
2.2358136676028595,6.501358620771291
2.997487573261541,6.680170022304482
3.663704811889971,6.607899759985642
4.181359310067178,6.597563149738508
4.455904781150736,6.113418694768177
4.455800520213795,5.836460996342544
4.510365047943832,5.038323970316563
4.4461767985470715,4.383920171772748
4.396852953455805,3.7040666336029595
3.70458137478275,3.393697213672368
2.9985431795155715,3.0928577394818593
2.4508895039345027,2.8564310433954474
1.7794501946530505,2.5268168854761113
1.4364222308362145,1.8503211102307944
1.387203435699473,1.685215504317319

3.089058603541095,5.50792587972213
2.5952697292600004,5.544364002413354
1.947410590136755,5.579936870286032
1.5748067496144076,5.610560823498959
1.5792737353955097,6.308299765578594
2.2358136676028595,6.501358620771291
2.997487573261541,6.680170022304482
3.663704811889971,6.607899759985642
4.181359310067178,6.597563149738508
4.455904781150736,6.113418694768177
4.455800520213795,5.836460996342544
4.510365047943832,5.038323970316563
4.532445398913012,4.5526152729641485
4.493046152625065,4.04860101279844
4.483103317907707,3.324543621408943
4.450493508620211,2.5481664270579736
4.38102101332908,1.8193812599820234
4.265266252506069,1.6148301513622818
3.746800483355447,1.202148137561414

3.089058603541095,5.50792587972213
2.5952697292600004,5.544364002413354
1.947410590136755,5.579936870286032
1.5748067496144076,5.610560823498959
1.5792737353955097,6.308299765578594
2.2358136676028595,6.501358620771291
2.997487573261541,6.680170022304482
3.663704811889971,6.607899759985642
4.181359310067178,6.597563149738508
4.455904781150736,6.113418694768177
4.455800520213795,5.836460996342544
4.510365047943832,5.038323970316563
4.532445398913012,4.5526152729641485
4.627816649383829,3.8488957189781727
4.703352718203738,3.476713033533191
4.714336734382,2.907492225424892
4.761741334925248,2.215549237798952
4.764843365962901,1.7257817338249448

3.089058603541095,5.50792587972213
2.5952697292600004,5.544364002413354
1.947410590136755,5.579936870286032
1.5748067496144076,5.610560823498959
1.5792737353955097,6.308299765578594
2.2358136676028595,6.501358620771291
2.997487573261541,6.680170022304482
3.663704811889971,6.607899759985642
4.181359310067178,6.597563149738508
4.455904781150736,6.113418694768177
4.540594022275269,5.875547147647979
4.7103664465378,5.148872498868553
4.890105497015169,4.413732765333223
5.201387121904321,3.676777033958285
5.334418917134536,3.2264932941575855
5.395021685191509,2.88327743424288
5.483282285509439,2.398124383169297
5.595894633854227,1.6556350198663246
6.253059534488635,1.283302813515598

3.089058603541095,5.50792587972213
2.5952697292600004,5.544364002413354
1.947410590136755,5.579936870286032
1.5748067496144076,5.610560823498959
1.5792737353955097,6.308299765578594
2.2358136676028595,6.501358620771291
2.997487573261541,6.680170022304482
3.663704811889971,6.607899759985642
4.181359310067178,6.597563149738508
4.455904781150736,6.113418694768177
4.455800520213795,5.836460996342544
4.510365047943832,5.038323970316563
4.4461767985470715,4.383920171772748
4.396852953455805,3.7040666336029595
4.145100366898096,3.6139391671216945
3.715871553622222,3.5495500344763453
2.9246783090746664,3.5718859004600896
2.2902220684193386,3.583248829682779
1.600363502528563,3.4887852555297556

3.089058603541095,5.50792587972213
2.5952697292600004,5.544364002413354
1.947410590136755,5.579936870286032
1.5748067496144076,5.610560823498959
1.5792737353955097,6.308299765578594
2.2358136676028595,6.501358620771291
2.997487573261541,6.680170022304482
3.663704811889971,6.607899759985642
4.181359310067178,6.597563149738508
4.455904781150736,6.113418694768177
4.455800520213795,5.836460996342544
4.510365047943832,5.038323970316563
4.4461767985470715,4.383920171772748
4.396852953455805,3.7040666336029595
4.145100366898096,3.6139391671216945
3.715871553622222,3.5495500344763453

3.089058603541095,5.50792587972213
2.5952697292600004,5.544364002413354
1.947410590136755,5.579936870286032
1.5748067496144076,5.610560823498959
1.5792737353955097,6.308299765578594
2.2358136676028595,6.501358620771291
2.997487573261541,6.680170022304482
3.663704811889971,6.607899759985642
4.181359310067178,6.597563149738508
4.455904781150736,6.113418694768177
4.455800520213795,5.836460996342544
4.510365047943832,5.038323970316563
4.4461767985470715,4.383920171772748
4.396852953455805,3.7040666336029595

3.089058603541095,5.50792587972213
2.5952697292600004,5.544364002413354
1.947410590136755,5.579936870286032
1.5748067496144076,5.610560823498959
1.5792737353955097,6.308299765578594
2.2358136676028595,6.501358620771291
2.997487573261541,6.680170022304482
3.663704811889971,6.607899759985642
4.181359310067178,6.597563149738508
4.455904781150736,6.113418694768177
4.540594022275269,5.875547147647979
4.7103664465378,5.148872498868553
4.890105497015169,4.413732765333223
5.201387121904321,3.676777033958285
5.334418917134536,3.2264932941575855
5.395021685191509,2.88327743424288
5.483282285509439,2.398124383169297
5.595894633854227,1.6556350198663246
6.05856280132,1.5885520859686637
6.4381280822559495,1.5594729463706662
6.563739564890941,1.9956948014371272
6.604473855384937,2.410188826362034

3.089058603541095,5.50792587972213
2.587519111777953,5.473412155526657
1.9784318957640787,5.345676442877747
1.6975232866570207,5.244663498471833

3.089058603541095,5.50792587972213
2.5952697292600004,5.544364002413354
1.947410590136755,5.579936870286032
1.5748067496144076,5.610560823498959
1.5792737353955097,6.308299765578594
2.2358136676028595,6.501358620771291
2.997487573261541,6.680170022304482
3.663704811889971,6.607899759985642
4.181359310067178,6.597563149738508
4.639244262008147,5.941559056164378
4.760720681148272,5.719178325392868

3.089058603541095,5.50792587972213
2.5952697292600004,5.544364002413354
1.947410590136755,5.579936870286032
1.5748067496144076,5.610560823498959
1.5792737353955097,6.308299765578594
2.2358136676028595,6.501358620771291
2.354636685786544,6.46690856952655
3.0754202644249777,6.38877768858197
3.757809969005187,6.379600191418801
4.5500250330372145,6.490934338564816
5.079871845857708,6.044168856081304
5.715280990229694,5.664203781108215
6.304173167833831,5.448541747992353

3.089058603541095,5.50792587972213
2.5952697292600004,5.544364002413354
1.947410590136755,5.579936870286032
1.5748067496144076,5.610560823498959
1.5792737353955097,6.308299765578594

3.089058603541095,5.50792587972213
2.5952697292600004,5.544364002413354
1.947410590136755,5.579936870286032
1.5748067496144076,5.610560823498959
1.5792737353955097,6.308299765578594
2.262691872188203,6.584288454805197

3.089058603541095,5.50792587972213
2.5952697292600004,5.544364002413354
1.947410590136755,5.579936870286032
1.5748067496144076,5.610560823498959
1.5792737353955097,6.308299765578594
2.2358136676028595,6.501358620771291
2.997487573261541,6.680170022304482
3.5707254819118823,6.779172136507944
4.235204947583861,6.8823735591546065
4.362701993729514,6.903127155870967

3.089058603541095,5.50792587972213
2.5952697292600004,5.544364002413354
1.947410590136755,5.579936870286032
1.5748067496144076,5.610560823498959
1.5792737353955097,6.308299765578594
2.2358136676028595,6.501358620771291
2.354636685786544,6.46690856952655
3.0754202644249777,6.38877768858197
3.757809969005187,6.379600191418801
4.5500250330372145,6.490934338564816
5.079871845857708,6.044168856081304
5.715280990229694,5.664203781108215
6.20013654839784,5.424545594816307
6.420589815267219,5.8157887848665295
6.632758108779865,6.289205455000356

3.159313006667446,4.731557304782418
2.589575930964587,5.064418603644328
2.0162056731102167,5.303483392315292
1.509226649355623,5.922330925616379
1.613797706951095,6.4032428469289036
2.4081237983187798,6.498353627456331
2.6428922734578126,6.503320956242135
3.344301254544589,6.5316445812573685
4.074001096565223,6.401402465492151
4.471149760316618,6.314987585523146
4.440824338860906,5.588198911137454
4.469353996958727,4.948262049705998
4.534645607838981,4.150930872873773
4.509590466724561,3.7237235977238408
4.046129664531335,3.5255549981987304
3.526247525919114,3.2632613644594173
2.8508903424881433,2.8344342725118747
2.337839302448146,2.634672407358443
1.5985431853163825,2.3289907899950526
1.352331902721322,1.7206435393374147

3.159313006667446,4.731557304782418
2.589575930964587,5.064418603644328
2.0162056731102167,5.303483392315292
1.509226649355623,5.922330925616379
1.613797706951095,6.4032428469289036
2.4081237983187798,6.498353627456331
2.6428922734578126,6.503320956242135
3.344301254544589,6.5316445812573685
4.074001096565223,6.401402465492151
4.471149760316618,6.314987585523146
4.440824338860906,5.588198911137454
4.469353996958727,4.948262049705998
4.534645607838981,4.150930872873773
4.509590466724561,3.7237235977238408
4.356204534841301,2.9385658072764023
4.365276705023219,2.390987425750035
4.421223394965205,1.5929460935594428
3.702793941311363,1.4707848500150347

3.159313006667446,4.731557304782418
2.589575930964587,5.064418603644328
2.0162056731102167,5.303483392315292
1.509226649355623,5.922330925616379
1.613797706951095,6.4032428469289036
2.4081237983187798,6.498353627456331
2.6428922734578126,6.503320956242135
3.344301254544589,6.5316445812573685
4.074001096565223,6.401402465492151
4.471149760316618,6.314987585523146
4.440824338860906,5.588198911137454
4.469353996958727,4.948262049705998
4.534645607838981,4.150930872873773
4.509590466724561,3.7237235977238408
4.356204534841301,2.9385658072764023
4.365276705023219,2.390987425750035
4.506347852275226,1.6648718819794488

3.159313006667446,4.731557304782418
2.589575930964587,5.064418603644328
2.0162056731102167,5.303483392315292
1.509226649355623,5.922330925616379
1.613797706951095,6.4032428469289036
2.4081237983187798,6.498353627456331
2.6428922734578126,6.503320956242135
3.344301254544589,6.5316445812573685
4.074001096565223,6.401402465492151
4.471149760316618,6.314987585523146
4.566968888799115,5.57034186811646
4.730718960851394,4.842570915323863
4.894833171776202,4.219858884753944
5.0250013291125954,3.535974698473633
5.205900813742436,2.945731646367045
5.285034574516983,2.596816700329071
5.519342103222404,1.831898415809765
5.843812954943901,1.576959276311516
6.393371859514688,1.411281842050791

3.159313006667446,4.731557304782418
2.589575930964587,5.064418603644328
2.0162056731102167,5.303483392315292
1.509226649355623,5.922330925616379
1.613797706951095,6.4032428469289036
2.4081237983187798,6.498353627456331
2.6428922734578126,6.503320956242135
3.344301254544589,6.5316445812573685
4.074001096565223,6.401402465492151
4.471149760316618,6.314987585523146
4.440824338860906,5.588198911137454
4.469353996958727,4.948262049705998
4.534645607838981,4.150930872873773
4.509590466724561,3.7237235977238408
3.807496737263701,3.5222704315886753
3.0457794542674064,3.390958502397691
2.4406719097268317,3.2119925672537653
1.7592865755956697,3.0070019769788647
1.6829428768577528,2.9218631963156394

3.159313006667446,4.731557304782418
2.589575930964587,5.064418603644328
2.0162056731102167,5.303483392315292
1.509226649355623,5.922330925616379
1.613797706951095,6.4032428469289036
2.4081237983187798,6.498353627456331
2.6428922734578126,6.503320956242135
3.344301254544589,6.5316445812573685
4.074001096565223,6.401402465492151
4.471149760316618,6.314987585523146
4.440824338860906,5.588198911137454
4.469353996958727,4.948262049705998
4.534645607838981,4.150930872873773
4.509590466724561,3.7237235977238408
3.807496737263701,3.5222704315886753
3.6759319472426863,3.5640698572773575

3.159313006667446,4.731557304782418
2.589575930964587,5.064418603644328
2.0162056731102167,5.303483392315292
1.509226649355623,5.922330925616379
1.613797706951095,6.4032428469289036
2.4081237983187798,6.498353627456331
2.6428922734578126,6.503320956242135
3.344301254544589,6.5316445812573685
4.074001096565223,6.401402465492151
4.471149760316618,6.314987585523146
4.440824338860906,5.588198911137454
4.469353996958727,4.948262049705998
4.534645607838981,4.150930872873773
4.509590466724561,3.7237235977238408

3.159313006667446,4.731557304782418
2.589575930964587,5.064418603644328
2.0162056731102167,5.303483392315292
1.509226649355623,5.922330925616379
1.613797706951095,6.4032428469289036
2.4081237983187798,6.498353627456331
2.6428922734578126,6.503320956242135
3.344301254544589,6.5316445812573685
4.074001096565223,6.401402465492151
4.471149760316618,6.314987585523146
4.566968888799115,5.57034186811646
4.730718960851394,4.842570915323863
4.894833171776202,4.219858884753944
5.0250013291125954,3.535974698473633
5.205900813742436,2.945731646367045
5.285034574516983,2.596816700329071
5.519342103222404,1.831898415809765
5.947247114405005,1.5023964721954906
6.482890994412543,1.7531750961696275
6.79134578684822,2.3570354538133778

3.159313006667446,4.731557304782418
2.4684570938221557,4.833973753264987
1.6943902538403093,4.935981448364651

3.159313006667446,4.731557304782418
2.589575930964587,5.064418603644328
2.0162056731102167,5.303483392315292
1.509226649355623,5.922330925616379
1.613797706951095,6.4032428469289036
2.4081237983187798,6.498353627456331
2.6428922734578126,6.503320956242135
3.344301254544589,6.5316445812573685
4.074001096565223,6.401402465492151
4.471149760316618,6.314987585523146
4.773396960528392,5.707060553751774

3.159313006667446,4.731557304782418
2.589575930964587,5.064418603644328
2.0162056731102167,5.303483392315292
1.509226649355623,5.922330925616379
1.613797706951095,6.4032428469289036
2.4081237983187798,6.498353627456331
2.6428922734578126,6.503320956242135
3.344301254544589,6.5316445812573685
4.074001096565223,6.401402465492151
4.678821118052561,6.2259361979125245
5.174867259492805,5.96833034470082
5.751188066673803,5.622364187028475
6.280108781923788,5.617836646545714

3.159313006667446,4.731557304782418
2.589575930964587,5.064418603644328
2.0162056731102167,5.303483392315292
1.509226649355623,5.922330925616379
1.2944760053330797,6.3553989907310395

3.159313006667446,4.731557304782418
2.589575930964587,5.064418603644328
2.0162056731102167,5.303483392315292
1.509226649355623,5.922330925616379
1.4857978095615192,6.137059398244612
2.085245588715363,6.6668351621934026
2.254694889596143,6.694276624130168

3.159313006667446,4.731557304782418
2.589575930964587,5.064418603644328
2.0162056731102167,5.303483392315292
1.509226649355623,5.922330925616379
1.613797706951095,6.4032428469289036
2.4081237983187798,6.498353627456331
2.6428922734578126,6.503320956242135
3.344301254544589,6.5316445812573685
4.074001096565223,6.401402465492151
4.416706924032355,6.43026507267721

3.159313006667446,4.731557304782418
2.589575930964587,5.064418603644328
2.0162056731102167,5.303483392315292
1.509226649355623,5.922330925616379
1.613797706951095,6.4032428469289036
2.4081237983187798,6.498353627456331
2.6428922734578126,6.503320956242135
3.344301254544589,6.5316445812573685
4.074001096565223,6.401402465492151
4.678821118052561,6.2259361979125245
5.174867259492805,5.96833034470082
5.751188066673803,5.622364187028475
6.280108781923788,5.617836646545714
6.589237384516075,6.2645235891939075

