7.218981746253269,4.663240944513187
6.781110249882259,4.5811871597964915
6.118814017377986,4.417752409060287
5.476622663300574,4.320925334038774
5.042323130388179,4.044442236594616
4.700196385733555,3.874858601024797
4.251771645527587,3.544172909250659
3.8638494314640828,3.346207575641637
3.5179412706713467,3.142121227547398
2.882223285548042,2.792292369447783
2.54423936746835,2.6488628428772025
2.1013712428733093,2.519186098211505
1.7114669940375902,2.377292946243131
1.6180331873534657,2.2684817199595355
1.5438775170077172,1.5313537624093028

7.218981746253269,4.663240944513187
6.781110249882259,4.5811871597964915
6.118814017377986,4.417752409060287
5.476622663300574,4.320925334038774
5.374972419623629,3.9301945311042292
5.2127311934299145,3.193985375181633
5.162193585106386,3.0241786862545323
4.780789371001277,2.325286078140116
4.578708366800814,1.8739300790518443
4.113473353280552,1.5099582140777044
3.6947548922953093,1.6087367581506649

7.218981746253269,4.663240944513187
6.781110249882259,4.5811871597964915
6.118814017377986,4.417752409060287
5.476622663300574,4.320925334038774
5.374972419623629,3.9301945311042292
5.2127311934299145,3.193985375181633
5.162193585106386,3.0241786862545323
4.966207782301258,2.414431336209384
4.931722638796163,1.7032083188633091

7.218981746253269,4.663240944513187
6.781110249882259,4.5811871597964915
6.118814017377986,4.417752409060287
5.476622663300574,4.320925334038774
5.495833518942918,3.566882097376203
5.480766949409726,3.0269906097043164
5.444333708374525,2.7228709001578935
5.391994070533488,2.2172202987791287
5.72294092377488,1.5849982282815878
6.290109668737539,1.1698369132458422

7.218981746253269,4.663240944513187
6.781110249882259,4.5811871597964915
6.118814017377986,4.417752409060287
5.476622663300574,4.320925334038774
5.042323130388179,4.044442236594616
4.700196385733555,3.874858601024797
4.251771645527587,3.544172909250659
3.862202484729195,3.5222002207956797
3.253282360304057,3.490751860535135
2.9225326686186284,3.4688752995338104
2.4412061047357927,3.44220019027154
1.7409801802362106,3.3927852873422544

7.218981746253269,4.663240944513187
6.781110249882259,4.5811871597964915
6.118814017377986,4.417752409060287
5.476622663300574,4.320925334038774
5.042323130388179,4.044442236594616
4.700196385733555,3.874858601024797
4.251771645527587,3.544172909250659
3.713074873374916,3.588254637872762

7.218981746253269,4.663240944513187
6.781110249882259,4.5811871597964915
6.118814017377986,4.417752409060287
5.476622663300574,4.320925334038774
5.560058742692451,3.743244738272229

7.218981746253269,4.663240944513187
6.781110249882259,4.5811871597964915
6.118814017377986,4.417752409060287
5.476622663300574,4.320925334038774
5.495833518942918,3.566882097376203
5.480766949409726,3.0269906097043164
5.444333708374525,2.7228709001578935
5.391994070533488,2.2172202987791287
5.72294092377488,1.5849982282815878
6.179717258161332,1.6187375618579698
6.662115967000606,1.8780821490594057
6.586344455523584,2.2619558386802954

7.218981746253269,4.663240944513187
6.801025659801719,5.011575219289952
6.216372152918935,5.365286055236248
5.5463671054289705,5.768934255990877
5.125085372287801,5.987016726401814
4.708885572046057,6.196604041721475
4.189205978672363,6.441737596215458
3.3895903357579824,6.46653323306193
2.6383472269351333,6.483100403761245
1.9536108151122038,6.501988552999618
1.770039635132791,6.504590234022867
1.550071908229099,6.084423282861711
1.5778707653348516,5.740289929571225

7.218981746253269,4.663240944513187
6.801025659801719,5.011575219289952
6.216372152918935,5.365286055236248
5.5463671054289705,5.768934255990877
5.125085372287801,5.987016726401814
4.708885572046057,6.196604041721475
4.189205978672363,6.441737596215458
3.3895903357579824,6.46653323306193
2.6383472269351333,6.483100403761245
1.9536108151122038,6.501988552999618
1.770039635132791,6.504590234022867
1.550071908229099,6.084423282861711
1.6628023360046094,5.6476056382561275
2.3501309748421613,5.546646412676232

7.218981746253269,4.663240944513187
6.42857237937492,4.7867441135047795
5.715865322551795,4.949399021251879

7.218981746253269,4.663240944513187
6.801025659801719,5.011575219289952
6.216372152918935,5.365286055236248
5.5463671054289705,5.768934255990877
5.125085372287801,5.987016726401814
4.708885572046057,6.196604041721475
4.189205978672363,6.441737596215458
3.4507651892315723,6.5893710211124965
2.81070829709257,6.729379580232873
2.162020433945619,6.84239428629683
1.7098931098099628,7.0098966370492155

7.218981746253269,4.663240944513187
6.801025659801719,5.011575219289952
6.216372152918935,5.365286055236248
5.5463671054289705,5.768934255990877
4.9442955903955665,6.177465618382579
4.632832481249829,6.40752896761736
4.0374088137927036,6.809916762566894
3.741804833558223,6.987715538419099

7.218981746253269,4.663240944513187
6.801025659801719,5.011575219289952
6.216372152918935,5.365286055236248
5.5463671054289705,5.768934255990877
5.221977125483648,6.301770374852518

7.218981746253269,4.663240944513187
7.223195134466006,4.837971201613072
7.276452020085663,5.499115069983517
7.398409016843264,6.247418851355464
7.398745155243019,6.324014995978162

7.352652018855905,5.340195512376878
6.684455353628792,4.900294140954414
6.104913807440981,4.552465327680897
5.622858887320891,4.2912451923353485
5.240753123556968,4.092542188207451
4.5659583379116375,3.7331011045354248
4.108776486316465,3.523070771192872
3.7940098424487183,3.383539425125602
3.126314882762488,3.0586895818301567
2.382418051321021,2.7643810631438193
1.7209205502338378,2.4488718041758415
1.5179783402655325,1.8527973567031824
1.614064881852375,1.7229166842001333

7.352652018855905,5.340195512376878
6.684455353628792,4.900294140954414
6.104913807440981,4.552465327680897
5.622858887320891,4.2912451923353485
5.558121092301386,3.852960019763209
5.317825171127781,3.459794929871317
5.053219397573181,3.010460813761025
4.685267213323081,2.341910906879472
4.313297013225238,1.6848822083878754
3.6938457891947594,1.195797440216144

7.352652018855905,5.340195512376878
6.684455353628792,4.900294140954414
6.104913807440981,4.552465327680897
5.622858887320891,4.2912451923353485
5.54601566159547,3.741889938889807
5.518292172728506,2.9640408203438713
5.4314341523224465,2.5205678803641294
5.285137749318352,1.7340582730050942

7.352652018855905,5.340195512376878
6.684455353628792,4.900294140954414
6.104913807440981,4.552465327680897
5.622858887320891,4.2912451923353485
5.54601566159547,3.741889938889807
5.571500307836436,3.000714044639638
5.551339225607012,2.8823211242477473
5.501292854645396,2.0838880583282724
5.672015841944851,1.5500848617323526
6.373818407935666,1.5714075548547866

7.352652018855905,5.340195512376878
6.684455353628792,4.900294140954414
6.104913807440981,4.552465327680897
5.622858887320891,4.2912451923353485
5.240753123556968,4.092542188207451
4.5659583379116375,3.7331011045354248
4.108776486316465,3.523070771192872
3.7940098424487183,3.383539425125602
3.126314882762488,3.0586895818301567
2.382418051321021,2.7643810631438193
1.718481674303832,2.6272638911896804

7.352652018855905,5.340195512376878
6.684455353628792,4.900294140954414
6.104913807440981,4.552465327680897
5.622858887320891,4.2912451923353485
5.240753123556968,4.092542188207451
4.5659583379116375,3.7331011045354248
4.15772548012164,3.5533715031368915
3.482933036757697,3.576002378025712

7.352652018855905,5.340195512376878
6.684455353628792,4.900294140954414
6.104913807440981,4.552465327680897
5.622858887320891,4.2912451923353485
5.54601566159547,3.741889938889807

7.352652018855905,5.340195512376878
6.684455353628792,4.900294140954414
6.104913807440981,4.552465327680897
5.622858887320891,4.2912451923353485
5.54601566159547,3.741889938889807
5.571500307836436,3.000714044639638
5.551339225607012,2.8823211242477473
5.501292854645396,2.0838880583282724
5.672015841944851,1.5500848617323526
6.373818407935666,1.5714075548547866
6.434600856306547,2.3690951465660035

7.352652018855905,5.340195512376878
6.959970599995792,5.402874314004061
6.49880860042111,5.453634321313205
5.775455109381081,5.595526472009963
5.083947205813184,5.8928136083429035
4.642301070059984,6.130927901679134
4.343140155094916,6.355613518413475
3.669146950936373,6.453605774984037
2.9654710144368748,6.4782303658607905
2.1761690148354744,6.555490649886277
1.7914985468091056,6.591451885331795
1.525787936052295,5.922432904775895
1.2817336987755024,5.746745690851052

7.352652018855905,5.340195512376878
6.959970599995792,5.402874314004061
6.49880860042111,5.453634321313205
5.775455109381081,5.595526472009963
5.083947205813184,5.8928136083429035
4.642301070059984,6.130927901679134
4.343140155094916,6.355613518413475
3.669146950936373,6.453605774984037
2.9654710144368748,6.4782303658607905
2.1761690148354744,6.555490649886277
1.7914985468091056,6.591451885331795
1.525787936052295,5.922432904775895
1.597141408122042,5.783901080403006
2.107109454789656,5.265444053789657
2.2779954864066734,5.2222951943849685

7.352652018855905,5.340195512376878
6.783680256969218,5.2853862094479265
6.263509293675183,5.322931587726499
5.706986250564027,5.339540648102079

7.352652018855905,5.340195512376878
6.959970599995792,5.402874314004061
6.49880860042111,5.453634321313205
5.775455109381081,5.595526472009963
5.083947205813184,5.8928136083429035
4.642301070059984,6.130927901679134
4.309971688988365,6.320040433998958
3.665569898467735,6.5769009612392155
2.96319489918484,6.698983706736073
2.25235922973463,6.765295484064113
1.6125033490024439,6.883863432995616

7.352652018855905,5.340195512376878
6.959970599995792,5.402874314004061
6.49880860042111,5.453634321313205
5.775455109381081,5.595526472009963
5.083947205813184,5.8928136083429035
4.642301070059984,6.130927901679134
4.343140155094916,6.355613518413475
3.669146950936373,6.453605774984037

7.352652018855905,5.340195512376878
6.959970599995792,5.402874314004061
6.49880860042111,5.453634321313205
5.775455109381081,5.595526472009963
5.644146277136527,5.705677467035413
5.330207127256077,6.441505035268855

7.352652018855905,5.340195512376878
7.34697672951866,6.1244632310714495
7.344954225150194,6.288425323502782

7.219890393407402,5.858836909759699
6.7040148162603135,5.533283194070957
6.204315546850401,5.1629441994216725
5.496790499330127,4.789569980799879
5.101567237771482,4.522992809986851
4.61603378983787,3.945138886876889
4.529722350081282,3.813091449847017
3.8793988865021602,3.411339925615841
3.1902219704824555,3.042361805965601
2.553418800253278,2.7858310609332166
2.011147409847809,2.5218896734700174
1.4016589250660811,2.1055950109699064
1.2453754376770323,1.5502909812799315

7.219890393407402,5.858836909759699
6.661346126735813,5.362041053638841
6.293269356023706,5.036123263138585
5.742116860028633,4.499626566366095
5.39868323702309,3.7770939743058562
5.1291729663421215,3.3551360706693205
4.828693017330771,2.6375461545918686
4.59285995494018,2.2663285481752555
4.39971389386328,1.699969425909128
3.87065324785344,1.522300886612566
3.732712511900762,1.4933432554240058

7.219890393407402,5.858836909759699
6.661346126735813,5.362041053638841
6.293269356023706,5.036123263138585
5.742116860028633,4.499626566366095
5.39868323702309,3.7770939743058562
5.351869261159761,3.1160204154465543
5.300257334507644,2.3176870207878713
5.241033714737343,1.632690020070876

7.219890393407402,5.858836909759699
6.661346126735813,5.362041053638841
6.293269356023706,5.036123263138585
5.742116860028633,4.499626566366095
5.39868323702309,3.7770939743058562
5.351869261159761,3.1160204154465543
5.390927131400066,2.3718709683730395
5.489111419070999,1.621689963507326
6.019421296251948,1.5610189732493593
6.308225351272451,1.519544636179062

7.219890393407402,5.858836909759699
6.7040148162603135,5.533283194070957
6.204315546850401,5.1629441994216725
5.496790499330127,4.789569980799879
5.101567237771482,4.522992809986851
4.61603378983787,3.945138886876889
4.529722350081282,3.813091449847017
3.8793988865021602,3.411339925615841
3.1657122000473485,3.2734601715010663
2.7142213670777053,3.2659718111255476
2.1004397756360027,3.188843453442323
1.592962817193952,3.1321996344588463

7.219890393407402,5.858836909759699
6.661346126735813,5.362041053638841
6.293269356023706,5.036123263138585
5.742116860028633,4.499626566366095
5.51543003985123,4.3120872780950945
4.914129737256397,3.8038226276103266
4.246120729106058,3.535821960771644
3.637587758116082,3.5631217317504555

7.219890393407402,5.858836909759699
6.661346126735813,5.362041053638841
6.293269356023706,5.036123263138585
5.742116860028633,4.499626566366095
5.39868323702309,3.7770939743058562
5.391237374527979,3.7427162163274734

7.219890393407402,5.858836909759699
6.661346126735813,5.362041053638841
6.293269356023706,5.036123263138585
5.742116860028633,4.499626566366095
5.39868323702309,3.7770939743058562
5.351869261159761,3.1160204154465543
5.390927131400066,2.3718709683730395
5.489111419070999,1.621689963507326
6.210573019420261,1.5087809808050827
6.597757466441211,2.0861660394373023
6.719612912816786,2.263975744698254

7.219890393407402,5.858836909759699
6.451731780386455,5.63538144385713
5.654093725914453,5.573952346044127
5.290586320500605,5.835696497830123
4.938256517988922,6.1247405507113
4.342237764035113,6.397253503391289
3.703310810947679,6.403762338133552
2.935925982818233,6.4200058951618555
2.630742898121906,6.460816533701062
1.8325122099189897,6.513993299408453
1.5447184668445089,6.111357026153772
1.192922048527911,5.72077267772592

7.219890393407402,5.858836909759699
6.451731780386455,5.63538144385713
5.654093725914453,5.573952346044127
5.290586320500605,5.835696497830123
4.938256517988922,6.1247405507113
4.342237764035113,6.397253503391289
3.703310810947679,6.403762338133552
2.935925982818233,6.4200058951618555
2.630742898121906,6.460816533701062
1.8325122099189897,6.513993299408453
1.5447184668445089,6.111357026153772
1.5500136800745072,6.0090976145753405
1.798437624613845,5.381801715258417
2.4320223916022927,5.397669559650634

7.219890393407402,5.858836909759699
6.451731780386455,5.63538144385713
5.654093725914453,5.573952346044127

7.219890393407402,5.858836909759699
6.451731780386455,5.63538144385713
5.654093725914453,5.573952346044127
5.290586320500605,5.835696497830123
4.938256517988922,6.1247405507113
4.342237764035113,6.397253503391289
3.703310810947679,6.403762338133552
3.4036402375353307,6.444579614338722
2.879005505653137,6.4763017508929375
2.355695740196162,6.5413473560600774
1.7211832801888658,6.656406045584663

7.219890393407402,5.858836909759699
6.451731780386455,5.63538144385713
5.654093725914453,5.573952346044127
5.290586320500605,5.835696497830123
4.938256517988922,6.1247405507113
4.342237764035113,6.397253503391289
3.703310810947679,6.403762338133552

7.219890393407402,5.858836909759699
6.451731780386455,5.63538144385713
5.90540809609575,5.4860888458076476
5.518744469738215,5.847668720344636
5.363156959211179,6.26702096120122

7.219890393407402,5.858836909759699
7.410147683522054,6.270206976999607

7.434506528997806,5.237231216523627
6.671426156032039,4.997005605077998
6.343679471429075,4.810343569349834
5.8812746746234215,4.6284751287064925
5.442265437214348,4.356165115659222
4.8348817049577395,4.052401119040868
4.239077708626397,3.550933080917989
3.601728661407854,3.1396441476549404
3.2116874867265697,2.978282835965783
2.4951649893485133,2.74046514321203
1.8072469172747943,2.375101585170111
1.548994939997173,2.3116585599224355
1.5258596954060912,2.0712917579192114
1.4874198196611879,1.4219730261343804

7.434506528997806,5.237231216523627
6.671426156032039,4.997005605077998
6.343679471429075,4.810343569349834
5.8812746746234215,4.6284751287064925
5.384983116655391,4.064555302595241
5.186345251669037,3.637083603326404
4.9612829289446765,2.8693942449984955
4.777507214892293,2.244606123519066
4.3712699529145285,1.6727174366556228
3.6409575463579382,1.3461538305548792

7.434506528997806,5.237231216523627
6.671426156032039,4.997005605077998
6.343679471429075,4.810343569349834
5.8812746746234215,4.6284751287064925
5.384983116655391,4.064555302595241
5.186345251669037,3.637083603326404
4.9612829289446765,2.8693942449984955
4.777507214892293,2.244606123519066
4.3712699529145285,1.6727174366556228

7.434506528997806,5.237231216523627
6.671426156032039,4.997005605077998
6.343679471429075,4.810343569349834
5.8812746746234215,4.6284751287064925
5.384983116655391,4.064555302595241
5.515547141323076,3.275281563349739
5.497427767258035,2.859655728420084
5.500933551227959,2.2055077778822523
5.686943212723727,1.4601850130062362
6.27526090651919,1.3110965498048432

7.434506528997806,5.237231216523627
6.671426156032039,4.997005605077998
6.343679471429075,4.810343569349834
5.8812746746234215,4.6284751287064925
5.442265437214348,4.356165115659222
4.8348817049577395,4.052401119040868
4.239077708626397,3.550933080917989
3.601728661407854,3.1396441476549404
3.1242955850626637,3.0660507721768298
2.640688121920108,2.97020070562942
1.9246754992263335,2.8104537420993774
1.7159364378105109,2.754447021334019

7.434506528997806,5.237231216523627
6.671426156032039,4.997005605077998
6.343679471429075,4.810343569349834
5.8812746746234215,4.6284751287064925
5.442265437214348,4.356165115659222
4.8348817049577395,4.052401119040868
4.239077708626397,3.550933080917989
3.601728661407854,3.1396441476549404

7.434506528997806,5.237231216523627
6.671426156032039,4.997005605077998
6.343679471429075,4.810343569349834
5.8812746746234215,4.6284751287064925
5.384983116655391,4.064555302595241
5.236626454394363,3.7169075573832435

7.434506528997806,5.237231216523627
6.671426156032039,4.997005605077998
6.343679471429075,4.810343569349834
5.8812746746234215,4.6284751287064925
5.384983116655391,4.064555302595241
5.515547141323076,3.275281563349739
5.497427767258035,2.859655728420084
5.500933551227959,2.2055077778822523
5.686943212723727,1.4601850130062362
6.360207117069969,1.688506858814444
6.654395763945724,2.418977643867642

7.434506528997806,5.237231216523627
6.862155425220888,5.235322627422564
6.398571588134086,5.486709940614928
5.776155139538311,5.634155699144012
5.1922989118488285,5.868320435750458
4.616184157527748,6.180174173564496
4.124794703859999,6.401134453101563
3.4349464389275113,6.5091626346459615
2.745596257243199,6.51780155396925
2.084843450059815,6.569852745633608
1.6904133790716116,6.312108146015376
1.3064052871341174,5.717829369820031

7.434506528997806,5.237231216523627
6.862155425220888,5.235322627422564
6.398571588134086,5.486709940614928
5.776155139538311,5.634155699144012
5.1922989118488285,5.868320435750458
4.616184157527748,6.180174173564496
4.124794703859999,6.401134453101563
3.4349464389275113,6.5091626346459615
2.745596257243199,6.51780155396925
2.084843450059815,6.569852745633608
1.6904133790716116,6.312108146015376
1.412431633002331,5.884656889647452
1.6896100215907062,5.372940080258232
2.268535306241465,5.594755738914612

7.434506528997806,5.237231216523627
6.665943810906755,5.01516962965977
6.42338915169227,4.941037981930252
5.68513071672987,4.7026237064606

7.434506528997806,5.237231216523627
6.862155425220888,5.235322627422564
6.398571588134086,5.486709940614928
5.776155139538311,5.634155699144012
5.1922989118488285,5.868320435750458
4.616184157527748,6.180174173564496
4.124794703859999,6.401134453101563
3.4349464389275113,6.5091626346459615
3.071197285837231,6.505078764895153
2.4216707156948902,6.547840582374538
1.6263639933620433,6.6343692909756955

7.434506528997806,5.237231216523627
6.862155425220888,5.235322627422564
6.398571588134086,5.486709940614928
5.776155139538311,5.634155699144012
5.1922989118488285,5.868320435750458
4.616184157527748,6.180174173564496
4.124794703859999,6.401134453101563
3.4349464389275113,6.5091626346459615

7.434506528997806,5.237231216523627
6.862155425220888,5.235322627422564
6.398571588134086,5.486709940614928
5.776155139538311,5.634155699144012
5.560876455986552,5.7707099948517895
5.454862058597261,6.489697594570531

7.434506528997806,5.237231216523627
7.42311573399929,5.650124005623108
7.348653377708405,6.3137390908621756

7.424001989448059,4.4166953330467695
6.624021571052378,4.4110979958699215
6.022678879149694,4.4181057468950975
5.697654571624918,4.44789069134694
5.204431068738766,3.940424998640926
4.537045781206913,3.612806296572729
4.020801238542701,3.3838985494664118
3.266396568990911,3.1176775988286844
2.589030045651023,2.9259276930543026
2.2321691105748562,2.8405724442736604
1.6692960436152968,2.2720885742372805
1.3251939616382817,1.6629430244733072

7.424001989448059,4.4166953330467695
6.624021571052378,4.4110979958699215
6.022678879149694,4.4181057468950975
5.697654571624918,4.44789069134694
5.315409422013867,3.745118576363124
4.96462365316048,3.0261266818539174
4.628436245387783,2.34100636094513
4.384433140672998,1.8125284952066367
4.239690035277364,1.5855394590942984
3.706349312400437,1.5309514468196812

7.424001989448059,4.4166953330467695
6.624021571052378,4.4110979958699215
6.022678879149694,4.4181057468950975
5.697654571624918,4.44789069134694
5.497402806137725,3.7319169557681864
5.348904606339763,2.945820088545854
5.300304768935483,2.2903345056048448
5.308445674512248,1.7486669509064825

7.424001989448059,4.4166953330467695
6.624021571052378,4.4110979958699215
6.022678879149694,4.4181057468950975
5.697654571624918,4.44789069134694
5.497402806137725,3.7319169557681864
5.524087313061082,3.1832063993970823
5.437270622317785,2.862401996810243
5.436202925336789,2.3384722142532652
5.538258323556848,1.6927398027277318
6.096236327175684,1.4249617432984811
6.363808013584566,1.3108437536330375

7.424001989448059,4.4166953330467695
6.624021571052378,4.4110979958699215
6.022678879149694,4.4181057468950975
5.697654571624918,4.44789069134694
5.204431068738766,3.940424998640926
4.495665043486937,3.6437411854108763
3.902439265626229,3.4788827598007326
3.310077186185315,3.4969204138204955
2.6085086370827044,3.5056989883416727
2.4858723013140644,3.5027886519962683
1.7415631877262303,3.5245078197070705

7.424001989448059,4.4166953330467695
6.624021571052378,4.4110979958699215
6.022678879149694,4.4181057468950975
5.697654571624918,4.44789069134694
5.204431068738766,3.940424998640926
4.6163378901527015,3.5542854364516123
4.039960435337816,3.1693987464355913
3.7187215790423416,2.931392523811458

7.424001989448059,4.4166953330467695
6.624021571052378,4.4110979958699215
6.022678879149694,4.4181057468950975
5.697654571624918,4.44789069134694
5.497402806137725,3.7319169557681864

7.424001989448059,4.4166953330467695
6.624021571052378,4.4110979958699215
6.022678879149694,4.4181057468950975
5.697654571624918,4.44789069134694
5.497402806137725,3.7319169557681864
5.524087313061082,3.1832063993970823
5.437270622317785,2.862401996810243
5.436202925336789,2.3384722142532652
5.538258323556848,1.6927398027277318
6.096236327175684,1.4249617432984811
6.424188612608398,1.7959577699044846
6.51948350823778,2.261951606162801

7.424001989448059,4.4166953330467695
7.079318527223812,4.733523498700627
6.418346291963208,5.184207095267666
6.0278366916970185,5.386485827165225
5.696701598169792,5.607865708337732
5.221497539020606,5.9021741897207
4.948447267810745,6.067507586971345
4.314688238398789,6.437092633254659
3.621585809043226,6.563609883685753
2.8870201003393836,6.583054947609632
2.0970401574840247,6.479308598544317
1.5655322758384704,6.3277760851058105
1.3741399763643434,5.7350303665752564

7.424001989448059,4.4166953330467695
7.079318527223812,4.733523498700627
6.418346291963208,5.184207095267666
6.0278366916970185,5.386485827165225
5.696701598169792,5.607865708337732
5.221497539020606,5.9021741897207
4.948447267810745,6.067507586971345
4.314688238398789,6.437092633254659
3.621585809043226,6.563609883685753
2.8870201003393836,6.583054947609632
2.0970401574840247,6.479308598544317
1.5655322758384704,6.3277760851058105
1.4816488178680547,5.646931241585107
1.6908617115230025,5.51823851566529
2.3114542103980114,5.536539757386997

7.424001989448059,4.4166953330467695
6.624021571052378,4.4110979958699215
6.022678879149694,4.4181057468950975
5.697654571624918,4.44789069134694

7.424001989448059,4.4166953330467695
7.079318527223812,4.733523498700627
6.418346291963208,5.184207095267666
6.0278366916970185,5.386485827165225
5.696701598169792,5.607865708337732
5.221497539020606,5.9021741897207
4.948447267810745,6.067507586971345
4.314688238398789,6.437092633254659
3.621585809043226,6.563609883685753
2.8870201003393836,6.583054947609632
2.0970401574840247,6.479308598544317
1.6861271627208754,6.471687678728835

7.424001989448059,4.4166953330467695
7.079318527223812,4.733523498700627
6.418346291963208,5.184207095267666
6.0278366916970185,5.386485827165225
5.696701598169792,5.607865708337732
5.221497539020606,5.9021741897207
4.948447267810745,6.067507586971345
4.314688238398789,6.437092633254659
3.621585809043226,6.563609883685753

7.424001989448059,4.4166953330467695
7.079318527223812,4.733523498700627
6.418346291963208,5.184207095267666
6.024853543994858,5.46010025330068
5.511061608584979,5.737327247315584
5.568790372380326,6.26039204317812

7.424001989448059,4.4166953330467695
7.325344663926155,4.817436357608992
7.220974175145616,5.288856157173925
7.205649541071329,5.785673747415414
7.13099117483535,6.262083516566541

6.244337316838834,5.478511680162319
5.851680606124515,5.122715829017734
5.495446996843003,4.828764713470253
4.846858344083768,4.36425770670359
4.531221967294313,3.842575943909752
3.9302096809655684,3.402234554262673
3.4897682188835084,3.2431269538760774
2.8185712794709876,2.9741702291637813
2.1109509620600093,2.6009765979383994
1.596518960000446,2.339746905773465
1.356625646951382,1.7073183617153234

6.244337316838834,5.478511680162319
6.15909332031001,5.323136123222558
5.786151117161602,4.671686287961465
5.613163850148861,4.309378580367304
5.438259777447634,3.627211494299632
5.180976049531997,3.1031745954013723
4.8818089191173,2.4729446344581985
4.591984344484361,1.8050724945266585
4.4135776157193805,1.4956528064184642
3.6794536665246094,1.5873824685997406

6.244337316838834,5.478511680162319
6.15909332031001,5.323136123222558
5.786151117161602,4.671686287961465
5.613163850148861,4.309378580367304
5.602507481400399,3.5094495573877045
5.565352563008206,3.227181230643493
5.452250039252613,2.435216699164895
5.573683123242715,1.7202854782726622

6.244337316838834,5.478511680162319
6.15909332031001,5.323136123222558
5.786151117161602,4.671686287961465
5.613163850148861,4.309378580367304
5.602507481400399,3.5094495573877045
5.565352563008206,3.227181230643493
5.452250039252613,2.435216699164895
5.573683123242715,1.7202854782726622
5.834003362704228,1.5288100112396004
6.54251710265345,1.613937398333133

6.244337316838834,5.478511680162319
5.987142950092055,5.231995951004535
5.55504027749012,4.736384498532452
5.0860762946836395,4.088254277951523
4.444216964910456,3.6911466183259125
4.0119891157661165,3.5818901399238032
3.4274620787389036,3.432037621973156
2.677222797902693,3.280330024553591
1.9041422890756547,3.074547306931998
1.7100025593531307,2.985823128272897

6.244337316838834,5.478511680162319
5.851680606124515,5.122715829017734
5.495446996843003,4.828764713470253
4.846858344083768,4.36425770670359
4.531221967294313,3.842575943909752
3.9302096809655684,3.402234554262673
3.716262246494723,3.2931211223527894

6.244337316838834,5.478511680162319
6.15909332031001,5.323136123222558
5.786151117161602,4.671686287961465
5.613163850148861,4.309378580367304
5.438259777447634,3.627211494299632

6.244337316838834,5.478511680162319
6.15909332031001,5.323136123222558
5.786151117161602,4.671686287961465
5.613163850148861,4.309378580367304
5.602507481400399,3.5094495573877045
5.565352563008206,3.227181230643493
5.452250039252613,2.435216699164895
5.573683123242715,1.7202854782726622
5.834003362704228,1.5288100112396004
6.2294533086175194,1.593162452940047
6.474971699402803,1.7974993255789764
6.562488391928464,2.4544877462253405

6.244337316838834,5.478511680162319
6.0618632398687895,5.430955158448771
5.399268621624133,5.863410796429461
5.031961258905419,6.046794710327738
4.370259407212704,6.330244034819499
4.0761920299622085,6.4649890119728255
3.456446631640818,6.432909679730616
2.658233075675068,6.486342993987853
2.1909970362802738,6.534681325401578
1.4539774618630594,6.223550891458081
1.3159971525542817,5.698695626049512

6.244337316838834,5.478511680162319
6.0618632398687895,5.430955158448771
5.399268621624133,5.863410796429461
5.031961258905419,6.046794710327738
4.370259407212704,6.330244034819499
4.0761920299622085,6.4649890119728255
3.456446631640818,6.432909679730616
2.658233075675068,6.486342993987853
2.1909970362802738,6.534681325401578
1.4539774618630594,6.223550891458081
1.661329237054933,5.618394363469694
2.2855572964661928,5.180543539595247

6.244337316838834,5.478511680162319
5.631819661589933,5.353614608488118

6.244337316838834,5.478511680162319
6.0618632398687895,5.430955158448771
5.399268621624133,5.863410796429461
5.031961258905419,6.046794710327738
4.370259407212704,6.330244034819499
4.0761920299622085,6.4649890119728255
3.432653875748479,6.595456647122001
2.6609551481515146,6.806362014112095
1.875190627219558,6.956608869801567
1.7275752681963445,6.974327080703957

6.244337316838834,5.478511680162319
6.0618632398687895,5.430955158448771
5.399268621624133,5.863410796429461
4.952927312494562,6.088740849704522
4.433664038911052,6.370768812336577
4.063846081718829,6.563354575149766
3.7161865697899192,6.754842586686543

6.244337316838834,5.478511680162319
5.770377052214435,5.375876907209272
5.586573732352601,5.953658195289808
5.544186468854813,6.277051384938693

6.244337316838834,5.478511680162319
6.31955776829244,5.6688239004685
6.582400439375702,6.266671342753539

7.722868737727971,5.210618887012174
7.2758618202517935,4.9642246580085585
6.551174918377576,4.6253605344251545
6.085850341274898,4.46768665583008
5.698343875043455,4.334779764093544
5.204357889359825,4.049107863618979
4.54776707590698,3.6703292057652463
3.8931386677213933,3.4077943968969633
3.262099726480541,3.101047109846618
2.576174812325651,2.85238165103202
2.3029010383475557,2.7005270385440894
1.8145795357779144,2.5580949764821796
1.5233060752951229,2.032644843286693
1.4124072726536352,1.459911320462278

7.722868737727971,5.210618887012174
7.2758618202517935,4.9642246580085585
6.551174918377576,4.6253605344251545
6.085850341274898,4.46768665583008
5.698343875043455,4.334779764093544
5.227964391825672,3.689188637367516
5.008796010957114,3.079533541478201
4.687908933538714,2.3793695077841086
4.603048287361398,2.193940090503057
4.270585259994117,1.5044361564303146
3.6920226726489966,1.4886382430493974

7.722868737727971,5.210618887012174
7.2758618202517935,4.9642246580085585
6.551174918377576,4.6253605344251545
6.085850341274898,4.46768665583008
5.698343875043455,4.334779764093544
5.449180060013693,4.058998126135235
5.371729303826897,3.4211885449888526
5.348811475440445,2.9949080487109194
5.333572303181094,2.3484245482294215
5.210398557359679,1.733387984811002

7.722868737727971,5.210618887012174
7.2758618202517935,4.9642246580085585
6.551174918377576,4.6253605344251545
6.085850341274898,4.46768665583008
5.698343875043455,4.334779764093544
5.449180060013693,4.058998126135235
5.371729303826897,3.4211885449888526
5.346966081332316,3.086287249323617
5.444879916425624,2.53093018955595
5.584177011856617,1.9303154575138284
5.634334924393187,1.5352683553692588
6.266985841455863,1.3692026629357865

7.722868737727971,5.210618887012174
7.2758618202517935,4.9642246580085585
6.551174918377576,4.6253605344251545
6.085850341274898,4.46768665583008
5.698343875043455,4.334779764093544
5.204357889359825,4.049107863618979
4.6578970767794,3.7606093634259685
3.920198463416832,3.546836299071874
3.798241588706655,3.52681237643307
2.998258239497865,3.531973867369552
2.745339256206086,3.5849847428284125
2.017860995515189,3.384637696168124
1.749826401279635,3.3272125004485265

7.722868737727971,5.210618887012174
7.2758618202517935,4.9642246580085585
6.551174918377576,4.6253605344251545
6.085850341274898,4.46768665583008
5.698343875043455,4.334779764093544
5.204357889359825,4.049107863618979
4.54776707590698,3.6703292057652463
3.8931386677213933,3.4077943968969633
3.6439564851831854,3.273292258716759

7.722868737727971,5.210618887012174
7.2758618202517935,4.9642246580085585
6.551174918377576,4.6253605344251545
6.085850341274898,4.46768665583008
5.698343875043455,4.334779764093544
5.227964391825672,3.689188637367516

7.722868737727971,5.210618887012174
7.2758618202517935,4.9642246580085585
6.551174918377576,4.6253605344251545
6.085850341274898,4.46768665583008
5.698343875043455,4.334779764093544
5.449180060013693,4.058998126135235
5.371729303826897,3.4211885449888526
5.346966081332316,3.086287249323617
5.444879916425624,2.53093018955595
5.584177011856617,1.9303154575138284
5.634334924393187,1.5352683553692588
6.375984394384222,1.533389763904029
6.461458690992581,2.2636567292670255

7.722868737727971,5.210618887012174
6.97630186080056,5.335999593982717
6.404160748659531,5.475294734881833
5.629861520103484,5.676443199100453
5.177327675118112,5.917234255160816
4.826365318071823,6.148078838143052
4.259789172548389,6.534494962044012
3.482156243553605,6.430253751619582
2.701704374910142,6.428093034726381
2.014497247147132,6.4273757224573105
1.8695045325385404,6.42184882005492
1.4966639168860767,6.2375840327994
1.5810814110235092,5.717270192416743

7.722868737727971,5.210618887012174
6.97630186080056,5.335999593982717
6.404160748659531,5.475294734881833
5.629861520103484,5.676443199100453
5.177327675118112,5.917234255160816
4.826365318071823,6.148078838143052
4.259789172548389,6.534494962044012
3.482156243553605,6.430253751619582
2.701704374910142,6.428093034726381
2.014497247147132,6.4273757224573105
1.8695045325385404,6.42184882005492
1.4966639168860767,6.2375840327994
1.5176560757033841,5.878816347139405
1.7172687980299979,5.62185841233742
2.263420749011948,5.224954971397561

7.722868737727971,5.210618887012174
6.92944365973833,5.108263400509832
6.172176354241442,4.979359302751955
5.682685126679671,4.897159887851817

7.722868737727971,5.210618887012174
6.97630186080056,5.335999593982717
6.404160748659531,5.475294734881833
5.629861520103484,5.676443199100453
5.177327675118112,5.917234255160816
4.826365318071823,6.148078838143052
4.259789172548389,6.534494962044012
3.643794540599294,6.6895440808564395
2.943870700303178,6.953172283088058
2.6340085147176175,7.049541445201563
1.9690389569729025,7.2432277311789734
1.6660973105582204,7.359546323970459

7.722868737727971,5.210618887012174
6.97630186080056,5.335999593982717
6.404160748659531,5.475294734881833
5.629861520103484,5.676443199100453
5.177327675118112,5.917234255160816
4.826365318071823,6.148078838143052
4.259789172548389,6.534494962044012
3.6738898446305854,6.412922301841229

7.722868737727971,5.210618887012174
6.97630186080056,5.335999593982717
6.404160748659531,5.475294734881833
5.629861520103484,5.676443199100453
5.4208421713546215,5.903906276275261
5.166685661924388,6.344154893971461

7.722868737727971,5.210618887012174
7.614863786097905,5.602688393289328
7.511988970518787,6.387585781007488

7.037325750606213,5.077873687064439
6.38484636203915,4.719751191056142
6.013072270340949,4.50260200027084
5.494186041681126,4.3035025421919775
5.128111663542387,4.173461962353021
4.545248633389004,3.71724628119635
4.340269056217801,3.5777630875340334
3.6987111413730083,3.2976330092354313
2.967476966054424,3.042661435374302
2.227456849273853,2.738736729632781
1.8877377476161925,2.571166339878187
1.3869678461296218,1.9527302230582853
1.3015326089911987,1.6595984187545647

7.037325750606213,5.077873687064439
6.38484636203915,4.719751191056142
6.013072270340949,4.50260200027084
5.63376010022381,4.372131166230853
5.258005304761325,3.665867523044439
5.052758123761725,3.1674647751722276
4.696756923993902,2.5132442223087765
4.533724871802832,2.2428779835482113
4.298669272428807,1.6188836496358536
3.622176334528678,1.5761212475307973

7.037325750606213,5.077873687064439
6.38484636203915,4.719751191056142
6.013072270340949,4.50260200027084
5.63376010022381,4.372131166230853
5.556559590208524,3.7260804778971073
5.56255140545654,2.9261029168680284
5.363186038750556,2.1513426632681236
5.312139395696401,1.7393950640161524

7.037325750606213,5.077873687064439
6.38484636203915,4.719751191056142
6.013072270340949,4.50260200027084
5.63376010022381,4.372131166230853
5.556559590208524,3.7260804778971073
5.56255140545654,2.9261029168680284
5.596964399940166,2.668475012204781
5.5738878630588085,1.8688079105646276
5.629476096991049,1.5896155112253143
6.243445491812671,1.6161875863856843
6.3226698730945925,1.700558442527834

7.037325750606213,5.077873687064439
6.38484636203915,4.719751191056142
6.013072270340949,4.50260200027084
5.494186041681126,4.3035025421919775
5.128111663542387,4.173461962353021
4.545248633389004,3.71724628119635
4.340269056217801,3.5777630875340334
3.6351256827438556,3.4833939972561705
2.8518975644551436,3.5383361984324733
2.452018093962404,3.5631746271000417
1.7008565686944368,3.534972454036709

7.037325750606213,5.077873687064439
6.38484636203915,4.719751191056142
6.013072270340949,4.50260200027084
5.494186041681126,4.3035025421919775
5.128111663542387,4.173461962353021
4.545248633389004,3.71724628119635
4.340269056217801,3.5777630875340334
3.6987111413730083,3.2976330092354313

7.037325750606213,5.077873687064439
6.38484636203915,4.719751191056142
6.013072270340949,4.50260200027084
5.63376010022381,4.372131166230853
5.556559590208524,3.7260804778971073

7.037325750606213,5.077873687064439
6.38484636203915,4.719751191056142
6.013072270340949,4.50260200027084
5.63376010022381,4.372131166230853
5.556559590208524,3.7260804778971073
5.56255140545654,2.9261029168680284
5.596964399940166,2.668475012204781
5.5738878630588085,1.8688079105646276
5.629476096991049,1.5896155112253143
6.243445491812671,1.6161875863856843
6.3226698730945925,1.700558442527834
6.605912891857214,2.349768390036893

7.037325750606213,5.077873687064439
6.30691948841814,5.321692582763972
6.016493440427645,5.455071212672249
5.450423117276119,5.700327029994813
4.825392309692212,5.926800096897101
4.630384128811252,6.097918781650043
4.097417299563069,6.448377105781766
3.6366392057815844,6.562832712959602
3.256773000793835,6.574547761282381
2.4597091838459013,6.506069504058711
1.8734722949211986,6.49546575609944
1.6803087178838774,6.285671818222996
1.3807494195301655,5.910858517974797
1.4046005059983795,5.542736261467767

7.037325750606213,5.077873687064439
6.30691948841814,5.321692582763972
6.016493440427645,5.455071212672249
5.450423117276119,5.700327029994813
4.825392309692212,5.926800096897101
4.630384128811252,6.097918781650043
4.097417299563069,6.448377105781766
3.6366392057815844,6.562832712959602
3.256773000793835,6.574547761282381
2.4597091838459013,6.506069504058711
1.8734722949211986,6.49546575609944
1.6803087178838774,6.285671818222996
1.3807494195301655,5.910858517974797
1.586818693028199,5.565671351982624
2.284831043366946,5.379429444687808

7.037325750606213,5.077873687064439
6.241003437725623,5.001252710768728
5.70410441440274,4.875740324083949

7.037325750606213,5.077873687064439
6.30691948841814,5.321692582763972
6.016493440427645,5.455071212672249
5.450423117276119,5.700327029994813
4.825392309692212,5.926800096897101
4.630384128811252,6.097918781650043
4.097417299563069,6.448377105781766
3.6366392057815844,6.562832712959602
2.848901301416853,6.70236405003863
2.243770817089842,6.793506261826314
1.625735786889379,6.776833516988773

7.037325750606213,5.077873687064439
6.30691948841814,5.321692582763972
6.016493440427645,5.455071212672249
5.450423117276119,5.700327029994813
4.825392309692212,5.926800096897101
4.630384128811252,6.097918781650043
4.097417299563069,6.448377105781766
3.6366392057815844,6.562832712959602

7.037325750606213,5.077873687064439
6.30691948841814,5.321692582763972
5.655937296146501,5.706956037402168
5.389917786575057,6.36245410053277

7.037325750606213,5.077873687064439
7.055148791095949,5.433354294558499
7.107042278397266,6.002279476434037
7.171347309752091,6.4032089670873376

6.822894073512296,4.942574653547464
6.24926421772882,4.7788922930933975
5.6573228036736305,4.43233778366225
5.210396006328847,4.211080062910392
4.566052136559049,3.7369271577309746
4.005669713473867,3.5346574818681407
3.5629085252380213,3.2852562787527257
3.0649901452393546,3.0550724346737548
2.3473923303013224,2.7014435670792643
2.002764409936575,2.5003456509690363
1.53928324948975,2.223083562471723
1.3399323743658518,1.7463291769174858

6.822894073512296,4.942574653547464
6.141013989746714,4.524197370029532
5.610705927282417,4.296976003991061
5.5580722492297525,4.132579818842543
5.213323325407108,3.421497273679472
5.130996810475061,3.219649845483916
4.940268521078181,2.610680937469666
4.668172254675363,2.0557085223033726
4.423858421584364,1.5122116561604748
3.6560063404760226,1.443392281294948

6.822894073512296,4.942574653547464
6.141013989746714,4.524197370029532
5.610705927282417,4.296976003991061
5.51605085501181,3.5119429063386587
5.463599845455564,3.1181682844889567
5.471869626509968,2.6250007530707293
5.550408477736672,1.8611746256965551
5.6346526135905695,1.6667626376744413

6.822894073512296,4.942574653547464
6.141013989746714,4.524197370029532
5.610705927282417,4.296976003991061
5.51605085501181,3.5119429063386587
5.463599845455564,3.1181682844889567
5.471869626509968,2.6250007530707293
5.550408477736672,1.8611746256965551
5.6346526135905695,1.6667626376744413
6.323794159715088,1.519885676276395

6.822894073512296,4.942574653547464
6.24926421772882,4.7788922930933975
5.6573228036736305,4.43233778366225
5.210396006328847,4.211080062910392
4.566052136559049,3.7369271577309746
4.204769918814952,3.622592502538688
3.5095604721132982,3.581521090289499
2.8155309713130405,3.481466362184243
2.0610355654488086,3.34206734270247
1.728320896680017,3.251798083283549

6.822894073512296,4.942574653547464
6.24926421772882,4.7788922930933975
5.6573228036736305,4.43233778366225
5.210396006328847,4.211080062910392
4.566052136559049,3.7369271577309746
4.308770244259402,3.6170702127283576
3.7237039273761754,3.142714047606795

6.822894073512296,4.942574653547464
6.141013989746714,4.524197370029532
5.610705927282417,4.296976003991061
5.444539326032049,3.5369834031624867

6.822894073512296,4.942574653547464
6.141013989746714,4.524197370029532
5.610705927282417,4.296976003991061
5.51605085501181,3.5119429063386587
5.463599845455564,3.1181682844889567
5.471869626509968,2.6250007530707293
5.550408477736672,1.8611746256965551
5.6346526135905695,1.6667626376744413
5.867127839758134,1.6126605653752362
6.341054651607779,1.609931117631991
6.617016391860148,2.2536398304155685

6.822894073512296,4.942574653547464
6.139396842708587,5.358304776925193
5.645606864291511,5.677436584830835
4.989569143934283,6.066675346861497
4.370849187179369,6.315959932921219
3.902284883294638,6.452151841945723
3.3691228057621525,6.472647998822457
3.0057553896234284,6.472887878359473
2.4420219987363034,6.507627772951998
1.670797656193764,6.431352976069752
1.5247171990691561,5.852271309228043
1.6192178113560034,5.681873599208704

6.822894073512296,4.942574653547464
6.139396842708587,5.358304776925193
5.645606864291511,5.677436584830835
4.989569143934283,6.066675346861497
4.370849187179369,6.315959932921219
3.902284883294638,6.452151841945723
3.3691228057621525,6.472647998822457
3.0057553896234284,6.472887878359473
2.4420219987363034,6.507627772951998
1.670797656193764,6.431352976069752
1.5247171990691561,5.852271309228043
1.6192178113560034,5.681873599208704
2.1966837855583816,5.492962463226855
2.3996463814958933,5.423134012096727

6.822894073512296,4.942574653547464
6.416571796375749,4.94756405187565
5.616592788660048,4.953359499589385

6.822894073512296,4.942574653547464
6.139396842708587,5.358304776925193
5.645606864291511,5.677436584830835
4.989569143934283,6.066675346861497
4.370849187179369,6.315959932921219
3.7395112986770114,6.493132761004757
3.108634940125436,6.638438446569838
2.649154196533273,6.730256973751931
2.0359231096634502,6.832828662585519
1.7228688485488806,6.85808282937936

6.822894073512296,4.942574653547464
6.139396842708587,5.358304776925193
5.645606864291511,5.677436584830835
4.989569143934283,6.066675346861497
4.370849187179369,6.315959932921219
3.7395112986770114,6.493132761004757

6.822894073512296,4.942574653547464
6.139396842708587,5.358304776925193
5.593239732688617,5.751299140379941
5.28224211793258,6.388739521912939

6.822894073512296,4.942574653547464
6.833313087718609,5.254718564164912
6.893327417951663,6.030200308505445
6.932537804224644,6.292118904329976

6.448076278079345,5.944605995830586
6.18650076529277,5.455972842723345
5.9100305047707895,5.0753798502926175
5.319616039516709,4.535555101676238
4.898459679233179,4.042642639427055
4.597528062596007,3.624891861880045
4.190891746228645,3.3840798828779843
3.6354032841382677,3.1521776267037773
3.0989038882334743,3.022131250657644
2.514478021178058,2.83386114896443
2.2473233602177767,2.7596276512716886
1.5782925380366424,2.541992794015921
1.3013496234896045,2.0360693543454063
1.0767116431407642,1.6536563681966028

6.448076278079345,5.944605995830586
6.18650076529277,5.455972842723345
5.854027656663016,4.771957917488454
5.692278791469351,4.4284664107226686
5.4454817085711475,3.6970639898350717
5.2594999600462735,3.328744946735447
4.917206693556913,2.725747602380779
4.529770226078422,2.025824046792179
4.249438126775836,1.5371683628618071
3.6834643222030534,1.2995282251333793

6.448076278079345,5.944605995830586
6.18650076529277,5.455972842723345
5.854027656663016,4.771957917488454
5.692278791469351,4.4284664107226686
5.4454817085711475,3.6970639898350717
5.516564487247798,3.53629105286109
5.483735640301941,2.736964919916467
5.372906663743422,2.333123419494826
5.329871151043337,1.662249567559538

6.448076278079345,5.944605995830586
6.18650076529277,5.455972842723345
5.854027656663016,4.771957917488454
5.692278791469351,4.4284664107226686
5.4454817085711475,3.6970639898350717
5.516564487247798,3.53629105286109
5.483735640301941,2.736964919916467
5.4967437452825285,2.5109238240336644
5.4385173861665494,1.7696037026208664
5.873609760045794,1.5599131853908537
6.253795459948932,1.396280446469345

6.448076278079345,5.944605995830586
6.18650076529277,5.455972842723345
5.9100305047707895,5.0753798502926175
5.319616039516709,4.535555101676238
4.898459679233179,4.042642639427055
4.597528062596007,3.624891861880045
4.190891746228645,3.3840798828779843
3.659163048560676,3.346961642683193
3.0377062779157202,3.326265256742516
2.7562585901956846,3.3347281155803836
2.1208595584043533,3.331292451071884
1.7433266208097056,3.356044871620811

6.448076278079345,5.944605995830586
6.18650076529277,5.455972842723345
5.9100305047707895,5.0753798502926175
5.319616039516709,4.535555101676238
4.898459679233179,4.042642639427055
4.597528062596007,3.624891861880045
4.190891746228645,3.3840798828779843
3.659163048560676,3.346961642683193

6.448076278079345,5.944605995830586
6.18650076529277,5.455972842723345
5.854027656663016,4.771957917488454
5.692278791469351,4.4284664107226686
5.4454817085711475,3.6970639898350717

6.448076278079345,5.944605995830586
6.18650076529277,5.455972842723345
5.854027656663016,4.771957917488454
5.692278791469351,4.4284664107226686
5.4454817085711475,3.6970639898350717
5.516564487247798,3.53629105286109
5.483735640301941,2.736964919916467
5.4967437452825285,2.5109238240336644
5.4385173861665494,1.7696037026208664
5.873609760045794,1.5599131853908537
6.145130235330887,1.5698622579103487
6.729087542821635,2.04345320254325
6.687928795193109,2.415699637389813

6.448076278079345,5.944605995830586
6.18650076529277,5.455972842723345
5.558090545936254,5.698970121091456
5.019377115741785,6.0860712702295405
4.748834030289195,6.198957746883108
4.1805254333181345,6.466910368359126
3.4077844090602105,6.588274774097167
3.3038093196773093,6.601278441635743
2.503968559514548,6.617239593920473
1.7157085862987822,6.480688451025658
1.6936505435679063,6.483544699930784
1.562991011607384,5.86487257583551
1.5549308122177263,5.67344136642774

6.448076278079345,5.944605995830586
6.18650076529277,5.455972842723345
5.558090545936254,5.698970121091456
5.019377115741785,6.0860712702295405
4.748834030289195,6.198957746883108
4.1805254333181345,6.466910368359126
3.4077844090602105,6.588274774097167
3.3038093196773093,6.601278441635743
2.503968559514548,6.617239593920473
1.7157085862987822,6.480688451025658
1.6936505435679063,6.483544699930784
1.562991011607384,5.86487257583551
1.5549308122177263,5.67344136642774
2.3250698956102123,5.518408223947113

6.448076278079345,5.944605995830586
6.18650076529277,5.455972842723345
5.614909566696766,5.1654531630274985

6.448076278079345,5.944605995830586
6.18650076529277,5.455972842723345
5.558090545936254,5.698970121091456
5.019377115741785,6.0860712702295405
4.748834030289195,6.198957746883108
4.1805254333181345,6.466910368359126
3.4077844090602105,6.588274774097167
3.3038093196773093,6.601278441635743
2.503968559514548,6.617239593920473
1.7041060850128806,6.6320727285881595

6.448076278079345,5.944605995830586
6.18650076529277,5.455972842723345
5.558090545936254,5.698970121091456
5.019377115741785,6.0860712702295405
4.579771355185139,6.309126298176658
4.1439982934260025,6.536770867671737
3.7460447661119205,6.7399609624239085

6.448076278079345,5.944605995830586
6.18650076529277,5.455972842723345
5.558090545936254,5.698970121091456
5.5521782045995645,5.84935717733481
5.355367040661158,6.509712427883378

6.448076278079345,5.944605995830586
6.7065456803878085,6.410644798785182

