6.570630950546698,6.469946775486802
6.374227588896205,5.69443035429871
6.075548962427967,5.380596738285361
5.668672178968434,5.006069160067156
5.246993676971467,4.545031012415268
4.663621607585541,4.008673246131196
4.165616434963362,3.579257045391941
3.421148539950889,3.3907737912758584
3.387218249999869,3.3563865559573975
2.658271926992805,3.026784890041583
1.9565610732794267,2.648876324967374
1.6823904387707,2.5194111845650107
1.6056035260942108,2.0502405128839047
1.5796176297548763,1.5088298222760004

6.570630950546698,6.469946775486802
6.374227588896205,5.69443035429871
6.0742467301461796,5.071150367816494
5.984045608338519,4.918829471877716
5.630873405115437,4.228227143835541
5.356929771096202,3.6497377201371264
5.18264364761732,3.352231606798768
4.845159759444703,2.626900906204968
4.622139068142619,2.238328228946267
4.456010270564624,1.877668725366506
4.061993127356132,1.3534135758579342
3.591257049282026,1.4894412071630023

6.570630950546698,6.469946775486802
6.374227588896205,5.69443035429871
6.0742467301461796,5.071150367816494
5.984045608338519,4.918829471877716
5.5945898386115145,4.220027494614953
5.493378991817563,3.4264555920810675
5.431791252338353,2.882023061315028
5.500993446610807,2.0850217712860357
5.588481519511239,1.7200621617031753

6.570630950546698,6.469946775486802
6.374227588896205,5.69443035429871
6.0742467301461796,5.071150367816494
5.984045608338519,4.918829471877716
5.5945898386115145,4.220027494614953
5.493378991817563,3.4264555920810675
5.431791252338353,2.882023061315028
5.500993446610807,2.0850217712860357
5.588481519511239,1.7200621617031753
5.813237456171173,1.4849111845865148
6.251905785443831,1.6453144516156164

6.570630950546698,6.469946775486802
6.374227588896205,5.69443035429871
6.075548962427967,5.380596738285361
5.668672178968434,5.006069160067156
5.246993676971467,4.545031012415268
4.663621607585541,4.008673246131196
4.165616434963362,3.579257045391941
3.3895156888523297,3.4372106825268958
2.9276843692508967,3.339834703028033
2.546927809749016,3.243724406224396
2.023276760380962,3.243149062348829
1.7439207371915364,3.1932310626918947

6.570630950546698,6.469946775486802
6.374227588896205,5.69443035429871
6.075548962427967,5.380596738285361
5.668672178968434,5.006069160067156
5.246993676971467,4.545031012415268
4.663621607585541,4.008673246131196
4.165616434963362,3.579257045391941
3.67060652516107,3.6049744048037047

6.570630950546698,6.469946775486802
6.374227588896205,5.69443035429871
6.0742467301461796,5.071150367816494
5.984045608338519,4.918829471877716
5.630873405115437,4.228227143835541
5.454290220118576,3.69149059638898

6.570630950546698,6.469946775486802
6.374227588896205,5.69443035429871
6.0742467301461796,5.071150367816494
5.984045608338519,4.918829471877716
5.5945898386115145,4.220027494614953
5.493378991817563,3.4264555920810675
5.431791252338353,2.882023061315028
5.500993446610807,2.0850217712860357
5.588481519511239,1.7200621617031753
5.813237456171173,1.4849111845865148
6.302076067251176,1.6301618949799455
6.689330332567122,2.306530737747949

6.570630950546698,6.469946775486802
6.374227588896205,5.69443035429871
6.380615895533815,5.613618653798277
5.860920019747314,5.552291295628169
5.1943029292161205,5.880654969382984
4.593834568513243,6.265976772106983
3.8493963060809935,6.459523834899784
3.0497224919737467,6.482366580600963
2.3356935544784676,6.50055924205182
1.9881093449819196,6.549589451896921
1.5689768765813126,6.242770814312206
1.5682996450887907,5.606059273803342

6.570630950546698,6.469946775486802
6.374227588896205,5.69443035429871
6.380615895533815,5.613618653798277
5.860920019747314,5.552291295628169
5.1943029292161205,5.880654969382984
4.593834568513243,6.265976772106983
3.8493963060809935,6.459523834899784
3.0497224919737467,6.482366580600963
2.3356935544784676,6.50055924205182
1.9881093449819196,6.549589451896921
1.5689768765813126,6.242770814312206
1.5682996450887907,5.606059273803342
2.32761887992788,5.579929711406444

6.570630950546698,6.469946775486802
6.374227588896205,5.69443035429871
6.075548962427967,5.380596738285361
5.68945092913015,5.121758339894052

6.570630950546698,6.469946775486802
6.8418887697063555,5.734217737115303

6.570630950546698,6.469946775486802
6.374227588896205,5.69443035429871
6.380615895533815,5.613618653798277
5.860920019747314,5.552291295628169
5.1943029292161205,5.880654969382984
4.593834568513243,6.265976772106983
3.8493963060809935,6.459523834899784
3.0497224919737467,6.482366580600963
2.3356935544784676,6.50055924205182
1.7059049321838593,6.574572565638931

6.570630950546698,6.469946775486802
6.374227588896205,5.69443035429871
6.380615895533815,5.613618653798277
5.860920019747314,5.552291295628169
5.1943029292161205,5.880654969382984
4.593834568513243,6.265976772106983
3.8493963060809935,6.459523834899784
3.580607798886745,6.445061857749581

6.570630950546698,6.469946775486802
6.374227588896205,5.69443035429871
6.380615895533815,5.613618653798277
5.860920019747314,5.552291295628169
5.388090161617882,5.948661742477361
5.146294596041893,6.271249877512775

7.482976603824923,7.451751862594625
7.113623129324942,6.742119555780179
6.638223958486846,6.1992498402350105
6.2656074835964874,5.586334820474631
5.7472360713575945,5.055613453796664
5.301948009006203,4.5846546914828785
4.788984046141727,4.115902476233472
4.351724625492836,3.6884576101667785
3.6735110526721906,3.4055726170204434
3.4613457098236555,3.336360930782618
2.8954619006898183,3.0944100881263323
2.1741687170008515,2.7780122340704296
2.0329787739578413,2.6962662879525854
1.4905740773731069,2.108221098258101
1.395168369910909,1.5583403120271149

7.482976603824923,7.451751862594625
7.113623129324942,6.742119555780179
6.638223958486846,6.1992498402350105
6.2656074835964874,5.586334820474631
5.882562088627252,5.080857915921784
5.62891546487715,4.45933077377326
5.403306894273836,3.965975627247279
5.269462638839423,3.6828363302259035
4.924268550439391,2.991481371285798
4.668648397217183,2.392129552629865
4.3714602212346225,1.7640593016945652
3.9348852919995356,1.3074340140288419
3.6848434287060052,1.1666979819226986

7.482976603824923,7.451751862594625
7.113623129324942,6.742119555780179
6.638223958486846,6.1992498402350105
6.2656074835964874,5.586334820474631
5.882562088627252,5.080857915921784
5.511526115771822,4.4392670321865735
5.54401271264548,3.64129772796284
5.5369015044707615,3.561364961599754
5.487826866886132,2.8098713248860747
5.468454559147613,2.3745198014074855
5.293938903152428,1.7167529698923345

7.482976603824923,7.451751862594625
7.113623129324942,6.742119555780179
6.638223958486846,6.1992498402350105
6.2656074835964874,5.586334820474631
5.882562088627252,5.080857915921784
5.511526115771822,4.4392670321865735
5.54401271264548,3.64129772796284
5.5369015044707615,3.561364961599754
5.487826866886132,2.8098713248860747
5.468454559147613,2.3745198014074855
5.453298381752544,1.8711123414971755
5.756097771721482,1.6389281298316836
6.314666205808745,1.4124266903127292

7.482976603824923,7.451751862594625
7.113623129324942,6.742119555780179
6.638223958486846,6.1992498402350105
6.2656074835964874,5.586334820474631
5.7472360713575945,5.055613453796664
5.301948009006203,4.5846546914828785
4.788984046141727,4.115902476233472
4.351724625492836,3.6884576101667785
3.632273204618553,3.42728417229628
2.898188207569708,3.208406479303564
2.17960693346068,3.2626813985067193
1.7156023460280778,3.248156606275826

7.482976603824923,7.451751862594625
7.113623129324942,6.742119555780179
6.638223958486846,6.1992498402350105
6.2656074835964874,5.586334820474631
5.7472360713575945,5.055613453796664
5.301948009006203,4.5846546914828785
4.788984046141727,4.115902476233472
4.351724625492836,3.6884576101667785
3.703111888328929,3.3792473907887395

7.482976603824923,7.451751862594625
7.113623129324942,6.742119555780179
6.638223958486846,6.1992498402350105
6.2656074835964874,5.586334820474631
5.882562088627252,5.080857915921784
5.62891546487715,4.45933077377326
5.403306894273836,3.965975627247279
5.319891625725932,3.6750878304394847

7.482976603824923,7.451751862594625
7.113623129324942,6.742119555780179
6.638223958486846,6.1992498402350105
6.2656074835964874,5.586334820474631
5.882562088627252,5.080857915921784
5.511526115771822,4.4392670321865735
5.54401271264548,3.64129772796284
5.5369015044707615,3.561364961599754
5.487826866886132,2.8098713248860747
5.468454559147613,2.3745198014074855
5.453298381752544,1.8711123414971755
5.756097771721482,1.6389281298316836
6.221138633350419,1.568616378972517
6.607579669429708,1.8521562664478939
6.587634541062485,2.5139385956944555

7.482976603824923,7.451751862594625
7.113623129324942,6.742119555780179
6.638223958486846,6.1992498402350105
6.2656074835964874,5.586334820474631
6.160881175784642,5.4953339822719816
5.572469591062653,5.723601348103487
5.393423443626952,5.832474577229694
4.676890790814474,6.165576585249851
4.372941596740291,6.355688944233087
3.9725229250782514,6.392097693752106
3.2886380000962365,6.400465566241306
2.877360535610377,6.423793421315699
2.4821689588969296,6.496993988267077
1.9550553926975127,6.459676296918899
1.6677886445996064,6.445020679475853
1.5107724710329786,5.944414141285447
1.7095435769146994,5.579709859845839

7.482976603824923,7.451751862594625
7.113623129324942,6.742119555780179
6.638223958486846,6.1992498402350105
6.2656074835964874,5.586334820474631
6.160881175784642,5.4953339822719816
5.572469591062653,5.723601348103487
5.393423443626952,5.832474577229694
4.676890790814474,6.165576585249851
4.372941596740291,6.355688944233087
3.9725229250782514,6.392097693752106
3.2886380000962365,6.400465566241306
2.877360535610377,6.423793421315699
2.4821689588969296,6.496993988267077
1.9550553926975127,6.459676296918899
1.6677886445996064,6.445020679475853
1.5107724710329786,5.944414141285447
1.7095435769146994,5.579709859845839
2.2936268492433243,5.115495726921489

7.482976603824923,7.451751862594625
7.113623129324942,6.742119555780179
6.638223958486846,6.1992498402350105
6.2656074835964874,5.586334820474631
5.723107195330458,5.388840144022059

7.482976603824923,7.451751862594625
7.463167856865256,7.405242346781026
7.397719741919638,6.607924001168644
7.295741531777353,6.289299264985361
7.145710872610094,5.690709179839607

7.482976603824923,7.451751862594625
7.113623129324942,6.742119555780179
6.638223958486846,6.1992498402350105
6.2656074835964874,5.586334820474631
6.160881175784642,5.4953339822719816
5.572469591062653,5.723601348103487
5.393423443626952,5.832474577229694
4.676890790814474,6.165576585249851
4.372941596740291,6.355688944233087
3.5815787701619746,6.472927490411285
2.871621435896122,6.520855288369982
2.260284264730134,6.573589449034715
1.7027587518697778,6.721035843255238

7.482976603824923,7.451751862594625
7.113623129324942,6.742119555780179
6.638223958486846,6.1992498402350105
6.2656074835964874,5.586334820474631
6.160881175784642,5.4953339822719816
5.572469591062653,5.723601348103487
5.393423443626952,5.832474577229694
4.676890790814474,6.165576585249851
3.9714320722243728,6.471142033009588
3.671620214277457,6.519457222430159

7.482976603824923,7.451751862594625
7.113623129324942,6.742119555780179
6.638223958486846,6.1992498402350105
6.2656074835964874,5.586334820474631
6.160881175784642,5.4953339822719816
5.572469591062653,5.723601348103487
5.562503257629778,6.295349922339115

7.42122146141345,7.362281580486227
7.119212432233454,6.851241159628467
6.742503199121202,6.150894079563816
6.321791073630017,5.657856885216383
5.832342080947365,5.261770438153839
5.407639467763155,4.884167792230924
5.031995558549714,4.514492461829012
4.573128195159039,3.9452732479126267
4.195478680919304,3.5821657293598506
3.7411789421535353,3.3090735242374096
3.135810372705483,2.9944430418601358
2.4714719058630115,2.7437398569486757
1.8134213281244527,2.4885986384103678
1.5231570254283786,2.069664506431375
1.3539625281765728,1.4984325605051376

7.42122146141345,7.362281580486227
7.050668981936697,6.653274627097454
6.743777878472546,6.038640276434788
6.447726150882157,5.460819121088436
6.333296314623197,5.239880873551255
5.959004958140143,4.782631266055845
5.500313156743674,4.2293090560645865
5.436766782956748,4.084698218382355
5.145072277404326,3.3856206875079984
4.928946900211409,2.95078031137459
4.665260554487606,2.4355141819168167
4.393032896897438,1.817650789890544
4.226298407118176,1.5635895241216082
3.540334653869203,1.5080672023599964

7.42122146141345,7.362281580486227
7.050668981936697,6.653274627097454
6.743777878472546,6.038640276434788
6.447726150882157,5.460819121088436
6.333296314623197,5.239880873551255
5.959004958140143,4.782631266055845
5.500313156743674,4.2293090560645865
5.436766782956748,4.084698218382355
5.466016832161246,3.397403484150451
5.428472720088132,2.917462393120378
5.377475408621942,2.1760802012904374
5.331975733517459,1.7313509416034063

7.42122146141345,7.362281580486227
7.050668981936697,6.653274627097454
6.743777878472546,6.038640276434788
6.447726150882157,5.460819121088436
6.333296314623197,5.239880873551255
5.959004958140143,4.782631266055845
5.500313156743674,4.2293090560645865
5.436766782956748,4.084698218382355
5.466016832161246,3.397403484150451
5.445484481925572,2.9081137005965765
5.463795425205532,2.48390901890905
5.597810174484391,1.6952138642543986
5.779617594018446,1.484903517704187
6.287566009812793,1.574632675256587

7.42122146141345,7.362281580486227
7.119212432233454,6.851241159628467
6.742503199121202,6.150894079563816
6.321791073630017,5.657856885216383
5.832342080947365,5.261770438153839
5.407639467763155,4.884167792230924
5.031995558549714,4.514492461829012
4.573128195159039,3.9452732479126267
4.195478680919304,3.5821657293598506
3.8485604191260823,3.5459393841596194
3.057627468788059,3.472243110801868
2.6853566942802214,3.385105288237349
1.940447729382809,3.3347547550257044
1.7285454403648135,3.2840834488731527

7.42122146141345,7.362281580486227
7.119212432233454,6.851241159628467
6.742503199121202,6.150894079563816
6.321791073630017,5.657856885216383
5.832342080947365,5.261770438153839
5.407639467763155,4.884167792230924
5.031995558549714,4.514492461829012
4.573128195159039,3.9452732479126267
4.195478680919304,3.5821657293598506
3.7411789421535353,3.3090735242374096

7.42122146141345,7.362281580486227
7.050668981936697,6.653274627097454
6.743777878472546,6.038640276434788
6.447726150882157,5.460819121088436
6.333296314623197,5.239880873551255
5.959004958140143,4.782631266055845
5.500313156743674,4.2293090560645865
5.190133631981549,3.7112030682067756

7.42122146141345,7.362281580486227
7.050668981936697,6.653274627097454
6.743777878472546,6.038640276434788
6.447726150882157,5.460819121088436
6.333296314623197,5.239880873551255
5.959004958140143,4.782631266055845
5.500313156743674,4.2293090560645865
5.436766782956748,4.084698218382355
5.466016832161246,3.397403484150451
5.445484481925572,2.9081137005965765
5.463795425205532,2.48390901890905
5.597810174484391,1.6952138642543986
5.779617594018446,1.484903517704187
6.348698944126049,1.5913626471073465
6.38243986440985,1.8766930951843517
6.383599904645342,2.2802521192846914

7.42122146141345,7.362281580486227
7.119212432233454,6.851241159628467
6.742503199121202,6.150894079563816
6.321791073630017,5.657856885216383
6.176172077835455,5.474881768664726
5.458573254187321,5.735230558429802
4.838340495584423,6.119632555814187
4.177208525512892,6.451098562149995
3.507587394487324,6.514722380210957
2.9040535757966124,6.516675890702197
2.430184093973266,6.433823626992446
1.6304101474256576,6.414806938961589
1.5503477183900722,6.095612198367894
1.5282916347703992,5.620333694546632

7.42122146141345,7.362281580486227
7.119212432233454,6.851241159628467
6.742503199121202,6.150894079563816
6.321791073630017,5.657856885216383
6.176172077835455,5.474881768664726
5.458573254187321,5.735230558429802
4.838340495584423,6.119632555814187
4.177208525512892,6.451098562149995
3.507587394487324,6.514722380210957
2.9040535757966124,6.516675890702197
2.430184093973266,6.433823626992446
1.6304101474256576,6.414806938961589
1.5503477183900722,6.095612198367894
1.5282916347703992,5.620333694546632
2.2870883724108015,5.594790887119744

7.42122146141345,7.362281580486227
7.119212432233454,6.851241159628467
6.742503199121202,6.150894079563816
6.321791073630017,5.657856885216383
5.56553596463744,5.464700901550871

7.42122146141345,7.362281580486227
7.536574619202401,6.57064173245676
7.446815833175341,5.808907778045557
7.448920103526511,5.733124019988797

7.42122146141345,7.362281580486227
7.119212432233454,6.851241159628467
6.742503199121202,6.150894079563816
6.321791073630017,5.657856885216383
6.176172077835455,5.474881768664726
5.458573254187321,5.735230558429802
4.838340495584423,6.119632555814187
4.177208525512892,6.451098562149995
3.507587394487324,6.514722380210957
2.9040535757966124,6.516675890702197
2.430184093973266,6.433823626992446
1.7498126261304865,6.530434977443333

7.42122146141345,7.362281580486227
7.119212432233454,6.851241159628467
6.742503199121202,6.150894079563816
6.321791073630017,5.657856885216383
6.176172077835455,5.474881768664726
5.458573254187321,5.735230558429802
4.838340495584423,6.119632555814187
4.177208525512892,6.451098562149995
3.561076397154115,6.6295369178767665

7.42122146141345,7.362281580486227
7.119212432233454,6.851241159628467
6.742503199121202,6.150894079563816
6.321791073630017,5.657856885216383
6.176172077835455,5.474881768664726
5.458573254187321,5.735230558429802
5.054726843190556,6.258247573869652

6.885944787368683,6.056538337754257
6.294412240540343,5.583309163141541
5.829826608087724,5.143300713219562
5.262873064803038,4.613189467724848
4.841266360824192,4.192455564492542
4.58741828781364,3.9502127603606647
4.049600959649428,3.4491280179613124
3.539480996858254,3.281972207969504
2.7647097059991212,3.0826497384371567
2.2281431960499347,2.721576485427339
1.6793337915322653,2.416190873644347
1.4698898696559328,1.726159017592263

6.885944787368683,6.056538337754257
6.491433968718146,5.360577696648969
5.9852277832278675,4.896479889856105
5.73341725360362,4.431867447805165
5.576962037028333,4.0868883709986115
5.333385325229655,3.548341742934968
5.151788751438345,3.1544254246977066
4.933801673213941,2.6977190753723352
4.705999706985874,2.255427282030828
4.443554053762426,1.684164739475075
3.666129426339256,1.5244687662606713

6.885944787368683,6.056538337754257
6.491433968718146,5.360577696648969
5.9852277832278675,4.896479889856105
5.73341725360362,4.431867447805165
5.576962037028333,4.0868883709986115
5.471564953874708,3.2938616029367083
5.461126025057916,2.5687525530338577
5.409579675647968,2.112301481421217
5.36137737217995,1.716255558148197

6.885944787368683,6.056538337754257
6.491433968718146,5.360577696648969
5.9852277832278675,4.896479889856105
5.73341725360362,4.431867447805165
5.576962037028333,4.0868883709986115
5.471564953874708,3.2938616029367083
5.461126025057916,2.5687525530338577
5.4267512747382,2.1069060497336998
5.749507399682322,1.5252500744606081
6.35671420815781,1.638818476180277

6.885944787368683,6.056538337754257
6.294412240540343,5.583309163141541
5.829826608087724,5.143300713219562
5.262873064803038,4.613189467724848
4.841266360824192,4.192455564492542
4.58741828781364,3.9502127603606647
4.049600959649428,3.4491280179613124
3.687509194337587,3.36357186434528
3.258806606298257,3.319100746422225
2.6267359302775235,3.1779174818924125
1.837226812668229,3.1553562235659376
1.7394244014855125,3.141271631367845

6.885944787368683,6.056538337754257
6.294412240540343,5.583309163141541
5.829826608087724,5.143300713219562
5.262873064803038,4.613189467724848
4.841266360824192,4.192455564492542
4.58741828781364,3.9502127603606647
4.049600959649428,3.4491280179613124
3.687509194337587,3.36357186434528

6.885944787368683,6.056538337754257
6.491433968718146,5.360577696648969
5.9852277832278675,4.896479889856105
5.73341725360362,4.431867447805165
5.576962037028333,4.0868883709986115
5.314540821594154,3.625019520459584

6.885944787368683,6.056538337754257
6.491433968718146,5.360577696648969
5.9852277832278675,4.896479889856105
5.73341725360362,4.431867447805165
5.576962037028333,4.0868883709986115
5.471564953874708,3.2938616029367083
5.461126025057916,2.5687525530338577
5.4267512747382,2.1069060497336998
5.749507399682322,1.5252500744606081
6.35671420815781,1.638818476180277
6.418564800002944,2.4084073686342222

6.885944787368683,6.056538337754257
6.294412240540343,5.583309163141541
5.820826947252496,5.618464686165754
5.388773600754402,5.831213488308955
4.651796413985899,6.136441019545961
3.945589738481758,6.512302871126285
3.307825804534242,6.496828707946071
2.7254039015189004,6.459467926519772
2.336659179159247,6.443891299628803
1.7617624495708224,6.4211222862736905
1.343812372147593,5.908967646084281
1.4146769783344224,5.733989972239997

6.885944787368683,6.056538337754257
6.294412240540343,5.583309163141541
5.820826947252496,5.618464686165754
5.388773600754402,5.831213488308955
4.651796413985899,6.136441019545961
3.945589738481758,6.512302871126285
3.307825804534242,6.496828707946071
2.7254039015189004,6.459467926519772
2.336659179159247,6.443891299628803
1.7617624495708224,6.4211222862736905
1.3366010945168032,6.059384914472946
1.7134608639210755,5.669370824087628
1.773038754984197,5.640846089262718
2.0428155989767283,5.5802833355923
2.5987644705089252,5.528826936422336

6.885944787368683,6.056538337754257
6.294412240540343,5.583309163141541
5.538969356133439,5.6248199945387904

6.885944787368683,6.056538337754257
6.8994688657983785,5.742734840617756

6.885944787368683,6.056538337754257
6.294412240540343,5.583309163141541
5.820826947252496,5.618464686165754
5.388773600754402,5.831213488308955
4.651796413985899,6.136441019545961
3.945589738481758,6.512302871126285
3.272444764877378,6.562350206642852
2.5442208270975173,6.7409504454304505
1.7631287488950065,6.900575216856302
1.7179651011922314,6.951057581915535

6.885944787368683,6.056538337754257
6.294412240540343,5.583309163141541
5.820826947252496,5.618464686165754
5.388773600754402,5.831213488308955
4.651796413985899,6.136441019545961
3.945589738481758,6.512302871126285
3.7112590161087526,6.617311042945777

6.885944787368683,6.056538337754257
6.294412240540343,5.583309163141541
5.538969356133439,5.6248199945387904
5.513751505326541,6.259316345671675

6.457813912147708,6.5895876100877295
6.39529383874926,5.792034326336573
6.06054134873623,5.436842983206185
5.515305014804399,4.879095248377178
5.016670866261251,4.398819896589156
4.948203373225034,4.274798154184115
4.455007222358468,3.77673685773168
4.307939389668494,3.6450859137175207
3.887710050426456,3.498513581933677
3.263570672660688,3.238461524009657
2.6421747781031737,2.9555055864532593
2.290075236017873,2.798338718991684
1.859513844778045,2.6006823681891276
1.5320971665594805,2.064479888604887
1.401396077175951,1.645936737812854

6.457813912147708,6.5895876100877295
6.39529383874926,5.792034326336573
6.257691844539417,5.446667441979368
6.009442570628565,4.958311312461354
5.640489431071883,4.283762076965864
5.521742955962847,4.017762358269074
5.178260312934549,3.324076943471425
4.828935263096345,2.7105718361967606
4.5362001980443925,2.045440376180773
4.24834723414053,1.566609572683229
3.7478426242400875,1.374452179734235

6.457813912147708,6.5895876100877295
6.39529383874926,5.792034326336573
6.257691844539417,5.446667441979368
6.009442570628565,4.958311312461354
5.640489431071883,4.283762076965864
5.485074803998448,3.8309590074021154
5.33810699299783,3.4849889979767603
5.054682773412643,2.8583454627823155
4.962097708968506,2.1686521052746492
4.929848937595646,1.7302280250468511

6.457813912147708,6.5895876100877295
6.39529383874926,5.792034326336573
6.257691844539417,5.446667441979368
6.009442570628565,4.958311312461354
5.640489431071883,4.283762076965864
5.568103843084127,4.0439081088250655
5.614886323012027,3.4720184917328223
5.5314694995456595,2.676379356469366
5.568250663504124,2.363099258835333
5.536575579705718,1.8121354821728315
5.93455946908853,1.4210135523272927
6.285889696381838,1.0655941733147434

6.457813912147708,6.5895876100877295
6.39529383874926,5.792034326336573
6.06054134873623,5.436842983206185
5.515305014804399,4.879095248377178
5.016670866261251,4.398819896589156
4.948203373225034,4.274798154184115
4.455007222358468,3.77673685773168
4.307939389668494,3.6450859137175207
3.887710050426456,3.498513581933677
3.1250679299113373,3.3246185721108454
3.0509261618860153,3.302771461293858
2.360800905698633,3.076547553470252
1.6576404115005845,2.912890508362995

6.457813912147708,6.5895876100877295
6.39529383874926,5.792034326336573
6.06054134873623,5.436842983206185
5.515305014804399,4.879095248377178
5.016670866261251,4.398819896589156
4.948203373225034,4.274798154184115
4.455007222358468,3.77673685773168
4.307939389668494,3.6450859137175207
3.634251402982197,3.2542524574867877

6.457813912147708,6.5895876100877295
6.39529383874926,5.792034326336573
6.257691844539417,5.446667441979368
6.009442570628565,4.958311312461354
5.640489431071883,4.283762076965864
5.487547911271755,3.5156615090648886

6.457813912147708,6.5895876100877295
6.39529383874926,5.792034326336573
6.257691844539417,5.446667441979368
6.009442570628565,4.958311312461354
5.640489431071883,4.283762076965864
5.568103843084127,4.0439081088250655
5.614886323012027,3.4720184917328223
5.5314694995456595,2.676379356469366
5.568250663504124,2.363099258835333
5.536575579705718,1.8121354821728315
5.93455946908853,1.4210135523272927
6.455756683537257,1.7253437057586352
6.634352719951106,2.4409668518764365

6.457813912147708,6.5895876100877295
6.39529383874926,5.792034326336573
6.06054134873623,5.436842983206185
5.9514498261581075,5.5127331501010834
5.350917651931276,5.872436572225799
5.197023261366963,5.997372026678364
4.548941800364028,6.271336878998662
3.7776432290277784,6.483700985793245
3.2610500343614057,6.489546135175012
2.903166137620908,6.5954717313296785
2.423140058651129,6.472067940147949
1.6806789713722106,6.367315959219366
1.4299011417334302,5.728055304489408

6.457813912147708,6.5895876100877295
6.39529383874926,5.792034326336573
6.06054134873623,5.436842983206185
5.9514498261581075,5.5127331501010834
5.350917651931276,5.872436572225799
5.197023261366963,5.997372026678364
4.548941800364028,6.271336878998662
3.7776432290277784,6.483700985793245
3.2610500343614057,6.489546135175012
2.903166137620908,6.5954717313296785
2.423140058651129,6.472067940147949
1.6806789713722106,6.367315959219366
1.4689400530613987,6.159247036228612
1.6276672650915933,5.714184291154291
1.904960655534292,5.576832807815118
2.3325156430862792,5.457494123834339

6.457813912147708,6.5895876100877295
6.39529383874926,5.792034326336573
6.06054134873623,5.436842983206185
5.683823645107148,5.564591707430626

6.457813912147708,6.5895876100877295
6.486230133422359,5.942288665441117
6.457246377262637,5.569981587152379

6.457813912147708,6.5895876100877295
6.39529383874926,5.792034326336573
6.06054134873623,5.436842983206185
5.9514498261581075,5.5127331501010834
5.350917651931276,5.872436572225799
5.197023261366963,5.997372026678364
4.548941800364028,6.271336878998662
3.7776432290277784,6.483700985793245
3.2610500343614057,6.489546135175012
2.903166137620908,6.5954717313296785
2.382294306198096,6.621444920158216
1.7174665907245723,6.777197954751482

6.457813912147708,6.5895876100877295
6.39529383874926,5.792034326336573
6.06054134873623,5.436842983206185
5.9514498261581075,5.5127331501010834
5.350917651931276,5.872436572225799
4.872272409059293,6.184477331350638
4.357502656805921,6.394826290623902
3.73369144591544,6.399181925141098

6.457813912147708,6.5895876100877295
6.39529383874926,5.792034326336573
6.06054134873623,5.436842983206185
5.897242736025383,5.4529634343093205
5.445094671871417,5.979609842082318
5.218115881494457,6.364198289813807

7.056343221596971,6.357930933230966
6.592335848281853,5.795810011269444
6.182311615540792,5.389319054120186
5.759261031875527,4.98038651629459
5.46870542298888,4.70550027706361
5.103926374928498,4.3380443744956745
4.465215661380321,3.8563301185318526
4.34134222423169,3.6978662320188773
3.751039289374634,3.2972942425502114
3.165753085877057,3.055928410707658
2.5801606350763957,2.751532201468673
2.078999396228588,2.417586163005442
1.5975709144675214,2.3271695078192107
1.5433276026248364,1.5605522604120075

7.056343221596971,6.357930933230966
6.656534867584969,5.664999998676725
6.33946360661328,5.254682612955621
5.863104583476988,4.61196799426655
5.751962451833148,4.4562344695925855
5.441329356404428,3.8815055889122263
5.400579507666987,3.6130021343968135
5.170681485231464,2.9565899237329796
4.7792062194544425,2.258917281095467
4.415351507581643,1.5674513923106312
3.8275700943805235,1.3779957972124923
3.574194416423896,1.2837943826450915

7.056343221596971,6.357930933230966
6.656534867584969,5.664999998676725
6.33946360661328,5.254682612955621
5.863104583476988,4.61196799426655
5.751962451833148,4.4562344695925855
5.441329356404428,3.8815055889122263
5.400579507666987,3.6130021343968135
5.435211064080311,3.0155456142569976
5.4657572483718475,2.2161289953246492
5.501545924027784,1.654462204946341

7.056343221596971,6.357930933230966
6.656534867584969,5.664999998676725
6.33946360661328,5.254682612955621
5.863104583476988,4.61196799426655
5.751962451833148,4.4562344695925855
5.441329356404428,3.8815055889122263
5.400579507666987,3.6130021343968135
5.435211064080311,3.0155456142569976
5.4657572483718475,2.2161289953246492
5.714502319381383,1.529671629383551
6.310508498929931,1.5856377813201723

7.056343221596971,6.357930933230966
6.592335848281853,5.795810011269444
6.182311615540792,5.389319054120186
5.759261031875527,4.98038651629459
5.46870542298888,4.70550027706361
5.103926374928498,4.3380443744956745
4.465215661380321,3.8563301185318526
4.329271456684481,3.6648100848488827
3.9456122260462694,3.547791551638161
3.150483696589493,3.4911743432789186
2.843866165957815,3.506819824154593
2.2505930765474687,3.604870691401197
1.7007228582595597,3.601073104723394

7.056343221596971,6.357930933230966
6.592335848281853,5.795810011269444
6.182311615540792,5.389319054120186
5.888461174320037,5.066110588748878
5.558029648546308,4.742467745069856
5.198914417166121,4.387166969088546
4.742279295792255,3.918350085723614
4.365260125927649,3.5160144651745586
3.6911087451350957,3.1150003048299717

7.056343221596971,6.357930933230966
6.656534867584969,5.664999998676725
6.33946360661328,5.254682612955621
5.863104583476988,4.61196799426655
5.751962451833148,4.4562344695925855
5.441329356404428,3.8815055889122263
5.400579507666987,3.6130021343968135

7.056343221596971,6.357930933230966
6.656534867584969,5.664999998676725
6.33946360661328,5.254682612955621
5.863104583476988,4.61196799426655
5.751962451833148,4.4562344695925855
5.441329356404428,3.8815055889122263
5.400579507666987,3.6130021343968135
5.435211064080311,3.0155456142569976
5.4657572483718475,2.2161289953246492
5.714502319381383,1.529671629383551
6.1129606895419055,1.5945420029848647
6.412115309820103,1.6851886338038053
6.596754321589947,2.46358983841018

7.056343221596971,6.357930933230966
6.592335848281853,5.795810011269444
6.492617293082772,5.625924357338753
5.882650836626133,5.579837726449049
5.463292000167077,5.807755971908034
4.831102323213503,6.149130243589147
4.260199468819453,6.403503774226298
3.558862739890817,6.455923794218683
3.380681321303919,6.458782746516847
2.586894995651023,6.558297917252138
2.4357227822610534,6.517403879363387
1.6371413216529573,6.495206965796186
1.528418981425867,6.296085815815353
1.2656050268911185,5.707609226034096

7.056343221596971,6.357930933230966
6.592335848281853,5.795810011269444
6.492617293082772,5.625924357338753
5.882650836626133,5.579837726449049
5.463292000167077,5.807755971908034
4.831102323213503,6.149130243589147
4.260199468819453,6.403503774226298
3.558862739890817,6.455923794218683
3.380681321303919,6.458782746516847
2.586894995651023,6.558297917252138
2.4357227822610534,6.517403879363387
1.6371413216529573,6.495206965796186
1.5593078293176792,5.848121237396443
1.8601746159824741,5.457690216789343
2.298401005023217,5.515477015696481

7.056343221596971,6.357930933230966
6.592335848281853,5.795810011269444
6.411792942690711,5.688961355542315
5.719187522365153,5.462684770763255

7.056343221596971,6.357930933230966
6.867581587947878,5.6880561501483164

7.056343221596971,6.357930933230966
6.592335848281853,5.795810011269444
6.492617293082772,5.625924357338753
5.882650836626133,5.579837726449049
5.463292000167077,5.807755971908034
4.831102323213503,6.149130243589147
4.260199468819453,6.403503774226298
3.558862739890817,6.455923794218683
3.380681321303919,6.458782746516847
2.6937670002635645,6.578576794343436
2.028345653063417,6.678580030088642
1.7477469816848497,6.678367121783812

7.056343221596971,6.357930933230966
6.592335848281853,5.795810011269444
6.492617293082772,5.625924357338753
5.882650836626133,5.579837726449049
5.463292000167077,5.807755971908034
4.831102323213503,6.149130243589147
4.260199468819453,6.403503774226298
3.5741061355345236,6.428349076331361

7.056343221596971,6.357930933230966
6.592335848281853,5.795810011269444
6.492617293082772,5.625924357338753
5.882650836626133,5.579837726449049
5.463292000167077,5.807755971908034
5.31824262875627,6.266497385611116

7.288353955055897,6.972661253027928
6.8031385596973095,6.3415966799075205
6.4274319068476515,5.803711597766753
6.250440383710711,5.560237913176396
5.651722397449072,5.26979989481672
5.203096982984057,4.761091797610078
5.099674290512936,4.601971460822568
4.624322844515155,3.9791310694687665
4.3189031999535175,3.630137179691393
3.696566520193625,3.304160464196925
3.561782198228649,3.206909996312498
2.8940832633056366,2.8875540522432344
2.7406439850450286,2.8151164677978864
2.0555105716761455,2.5183746302054417
1.8961552112262505,2.429134833052027
1.3293448720485037,2.1437289139660525
1.1097855141357478,1.7388894467310618

7.288353955055897,6.972661253027928
6.887914045624667,6.280095098112234
6.517295580124486,5.571122635297005
6.021836416304813,4.943014191644868
5.843815376293012,4.6683743240687745
5.488166655894146,4.018155667053452
5.367825724408453,3.72196739966782
5.1065491572436885,3.2455241954515497
4.786673011130834,2.7093953020768327
4.526396771285949,2.0745258585979487
4.27738402488943,1.617288451349686
3.744362714450454,1.5763908604442194

7.288353955055897,6.972661253027928
6.887914045624667,6.280095098112234
6.517295580124486,5.571122635297005
6.021836416304813,4.943014191644868
5.843815376293012,4.6683743240687745
5.488166655894146,4.018155667053452
5.410861301007033,3.460265727788564
5.324954305903938,2.8749014878308468
5.175374719726136,2.2803970652645225
5.030954305417547,1.7477025249150866

7.288353955055897,6.972661253027928
6.887914045624667,6.280095098112234
6.517295580124486,5.571122635297005
6.021836416304813,4.943014191644868
5.651985001461647,4.469799937917264
5.585541627654111,3.826633655838012
5.546203847940436,3.1896839358152893
5.479584973698272,3.0202998435930057
5.5009656320135605,2.2918216990926803
5.698317582506033,1.516546130254853
5.9281186845551375,1.3364337566095486
6.344068106086841,1.0386004318536548

7.288353955055897,6.972661253027928
6.8031385596973095,6.3415966799075205
6.4274319068476515,5.803711597766753
6.250440383710711,5.560237913176396
5.651722397449072,5.26979989481672
5.203096982984057,4.761091797610078
5.099674290512936,4.601971460822568
4.624322844515155,3.9791310694687665
4.3189031999535175,3.630137179691393
4.077472669547579,3.5857330597301122
3.386031801698239,3.4804371201168207
2.722216314493762,3.4221155729661907
1.931619351626456,3.3426242987988015
1.7093350014200204,3.321578344889987

7.288353955055897,6.972661253027928
6.8031385596973095,6.3415966799075205
6.4274319068476515,5.803711597766753
6.250440383710711,5.560237913176396
5.651722397449072,5.26979989481672
5.203096982984057,4.761091797610078
5.099674290512936,4.601971460822568
4.624322844515155,3.9791310694687665
4.3189031999535175,3.630137179691393
3.696566520193625,3.304160464196925

7.288353955055897,6.972661253027928
6.887914045624667,6.280095098112234
6.517295580124486,5.571122635297005
6.021836416304813,4.943014191644868
5.843815376293012,4.6683743240687745
5.488166655894146,4.018155667053452
5.367825724408453,3.72196739966782

7.288353955055897,6.972661253027928
6.887914045624667,6.280095098112234
6.517295580124486,5.571122635297005
6.021836416304813,4.943014191644868
5.651985001461647,4.469799937917264
5.585541627654111,3.826633655838012
5.546203847940436,3.1896839358152893
5.479584973698272,3.0202998435930057
5.5009656320135605,2.2918216990926803
5.698317582506033,1.516546130254853
6.006949268090187,1.516673763840802
6.561719364803467,1.8235415633064291
6.6921456725255215,2.3435982575070105

7.288353955055897,6.972661253027928
6.8031385596973095,6.3415966799075205
6.4274319068476515,5.803711597766753
6.250440383710711,5.560237913176396
5.5692382927430835,5.553608294421549
5.3591013819783315,5.7022866967877
4.910226801617241,6.047710017118606
4.2438487666661935,6.406703727390507
3.650333834882387,6.4011535543089
3.1706577954880655,6.47870355542681
2.5625097017577034,6.5468085805565845
2.341877257027463,6.525904688908537
1.6066656696325272,6.4456772559210185
1.5879722990993579,5.891987241619271
1.6646716057820536,5.658739270157277

7.288353955055897,6.972661253027928
6.8031385596973095,6.3415966799075205
6.4274319068476515,5.803711597766753
6.250440383710711,5.560237913176396
5.5692382927430835,5.553608294421549
5.3591013819783315,5.7022866967877
4.910226801617241,6.047710017118606
4.2438487666661935,6.406703727390507
3.650333834882387,6.4011535543089
3.1706577954880655,6.47870355542681
2.5625097017577034,6.5468085805565845
2.341877257027463,6.525904688908537
1.6066656696325272,6.4456772559210185
1.5879722990993579,5.891987241619271
1.6646716057820536,5.658739270157277
2.3663298859164166,5.274453363677625

7.288353955055897,6.972661253027928
6.8031385596973095,6.3415966799075205
6.4274319068476515,5.803711597766753
6.250440383710711,5.560237913176396
5.740594138470847,5.466895950066312

7.288353955055897,6.972661253027928
7.277681068069685,6.17273245026897
7.223535456625112,5.724850086040648

7.288353955055897,6.972661253027928
6.8031385596973095,6.3415966799075205
6.4274319068476515,5.803711597766753
6.250440383710711,5.560237913176396
5.5692382927430835,5.553608294421549
5.3591013819783315,5.7022866967877
4.910226801617241,6.047710017118606
4.2438487666661935,6.406703727390507
3.650333834882387,6.4011535543089
3.1706577954880655,6.47870355542681
2.5625097017577034,6.5468085805565845
1.8876813834214443,6.732256447567759
1.6519297752696618,6.769602520332783

7.288353955055897,6.972661253027928
6.8031385596973095,6.3415966799075205
6.4274319068476515,5.803711597766753
6.250440383710711,5.560237913176396
5.5692382927430835,5.553608294421549
5.3591013819783315,5.7022866967877
4.910226801617241,6.047710017118606
4.4510514812634545,6.279777638649324
3.7304680982002103,6.613224860801385

7.288353955055897,6.972661253027928
6.8031385596973095,6.3415966799075205
6.4274319068476515,5.803711597766753
6.250440383710711,5.560237913176396
5.759143103524287,5.457398815404612
5.491167726921073,6.100755909729539
5.380418841105786,6.331006014178554

7.441295091101258,7.599735440671143
7.0175156844797035,6.92119950608589
6.946646207484464,6.742309744984605
6.728636423812724,6.130014555431892
6.221456683942906,5.543625208690388
5.82928303237445,5.164182743325031
5.267679051963596,4.653908927311555
4.729390874823592,4.0620932141446175
4.32848438472582,3.620424965684872
4.086122635657368,3.596617236025573
3.399888757596714,3.344286922461326
2.778809958294052,3.151447841912147
2.1866470081457763,2.8755170867208806
1.6372741193551552,2.577264562914341
1.5966150497468934,1.778298455961993
1.5990917326326073,1.7176745224141945

7.441295091101258,7.599735440671143
7.0175156844797035,6.92119950608589
6.946646207484464,6.742309744984605
6.728636423812724,6.130014555431892
6.411422589373213,5.712920874109911
6.121660809336211,5.1103080949874125
5.915569021667447,4.752519930092381
5.672278554140142,4.379740525048648
5.495083117406117,3.9812304180181552
5.257595213630863,3.464448689212654
5.1272290620459575,3.1939612954770347
4.77269358876438,2.4768109638275204
4.559831073666492,2.1051444273562585
4.305669706199106,1.664897596055503
3.590227259094539,1.3453742915167828

7.441295091101258,7.599735440671143
7.0175156844797035,6.92119950608589
6.946646207484464,6.742309744984605
6.728636423812724,6.130014555431892
6.411422589373213,5.712920874109911
6.121660809336211,5.1103080949874125
5.915569021667447,4.752519930092381
5.672278554140142,4.379740525048648
5.513188910190379,3.947966659204294
5.384124249133707,3.158446353406953
5.513429409128843,2.368965400122688
5.461983923500009,1.657464962289277

7.441295091101258,7.599735440671143
7.0175156844797035,6.92119950608589
6.946646207484464,6.742309744984605
6.728636423812724,6.130014555431892
6.411422589373213,5.712920874109911
6.121660809336211,5.1103080949874125
5.915569021667447,4.752519930092381
5.672278554140142,4.379740525048648
5.513188910190379,3.947966659204294
5.384124249133707,3.158446353406953
5.513429409128843,2.368965400122688
5.575375712060229,1.9781594164448397
5.7123543386814575,1.5460087586824576
6.259649689090535,1.3124887371895388

7.441295091101258,7.599735440671143
7.0175156844797035,6.92119950608589
6.946646207484464,6.742309744984605
6.728636423812724,6.130014555431892
6.221456683942906,5.543625208690388
5.82928303237445,5.164182743325031
5.267679051963596,4.653908927311555
4.729390874823592,4.0620932141446175
4.32848438472582,3.620424965684872
3.546912350088559,3.5406949667488132
2.890027668102752,3.4971405489376464
2.4503431273525718,3.4793531722663045
1.6838399882627537,3.5849544347365954

7.441295091101258,7.599735440671143
7.0175156844797035,6.92119950608589
6.946646207484464,6.742309744984605
6.728636423812724,6.130014555431892
6.221456683942906,5.543625208690388
5.82928303237445,5.164182743325031
5.267679051963596,4.653908927311555
4.729390874823592,4.0620932141446175
4.32848438472582,3.620424965684872
3.694893857668272,3.551742395996455

7.441295091101258,7.599735440671143
7.0175156844797035,6.92119950608589
6.946646207484464,6.742309744984605
6.728636423812724,6.130014555431892
6.411422589373213,5.712920874109911
6.121660809336211,5.1103080949874125
5.915569021667447,4.752519930092381
5.672278554140142,4.379740525048648
5.418771496859049,3.6458703411536693

7.441295091101258,7.599735440671143
7.0175156844797035,6.92119950608589
6.946646207484464,6.742309744984605
6.728636423812724,6.130014555431892
6.411422589373213,5.712920874109911
6.121660809336211,5.1103080949874125
5.915569021667447,4.752519930092381
5.672278554140142,4.379740525048648
5.513188910190379,3.947966659204294
5.384124249133707,3.158446353406953
5.513429409128843,2.368965400122688
5.575375712060229,1.9781594164448397
5.7123543386814575,1.5460087586824576
6.113867697170586,1.4324295778294194
6.578175327632067,2.0839036174466896
6.851224745071305,2.524038844079703

7.441295091101258,7.599735440671143
7.0175156844797035,6.92119950608589
6.946646207484464,6.742309744984605
6.728636423812724,6.130014555431892
6.411422589373213,5.712920874109911
6.13145515156235,5.599757457892367
5.566587681074857,5.624707460628827
5.135902531135125,6.1708230070233325
4.725779268114824,6.32956473189938
4.137046041120292,6.407823416237305
3.3394952160485825,6.470374846496216
2.5745895000919283,6.543173254612688
2.4539580370473106,6.5745669375834295
1.7435857583080963,6.350253117845742
1.560396026199352,6.164296652197738
1.4190298475858916,5.676724941567616

7.441295091101258,7.599735440671143
7.0175156844797035,6.92119950608589
6.946646207484464,6.742309744984605
6.728636423812724,6.130014555431892
6.411422589373213,5.712920874109911
6.13145515156235,5.599757457892367
5.566587681074857,5.624707460628827
5.135902531135125,6.1708230070233325
4.725779268114824,6.32956473189938
4.137046041120292,6.407823416237305
3.3394952160485825,6.470374846496216
2.5745895000919283,6.543173254612688
2.4539580370473106,6.5745669375834295
1.7435857583080963,6.350253117845742
1.6044329691241765,6.235004897401711
1.5450084936058528,5.877587716662456
1.6802166104553855,5.6868507903904755
2.0551067404756855,5.4254104595640396
2.3560969092353234,5.5302818335328245

7.441295091101258,7.599735440671143
7.0175156844797035,6.92119950608589
6.946646207484464,6.742309744984605
6.728636423812724,6.130014555431892
6.411422589373213,5.712920874109911
6.13145515156235,5.599757457892367
5.566587681074857,5.624707460628827

7.441295091101258,7.599735440671143
7.572365617377157,6.888442725180028
7.580318097478422,6.752086844724631
7.513775669614537,5.976533726981689
7.559595027906099,5.729317330484866

7.441295091101258,7.599735440671143
7.0175156844797035,6.92119950608589
6.946646207484464,6.742309744984605
6.728636423812724,6.130014555431892
6.411422589373213,5.712920874109911
6.13145515156235,5.599757457892367
5.566587681074857,5.624707460628827
5.135902531135125,6.1708230070233325
4.725779268114824,6.32956473189938
4.137046041120292,6.407823416237305
3.3394952160485825,6.470374846496216
2.5745895000919283,6.543173254612688
2.4539580370473106,6.5745669375834295
1.7435857583080963,6.350253117845742

7.441295091101258,7.599735440671143
7.0175156844797035,6.92119950608589
6.946646207484464,6.742309744984605
6.728636423812724,6.130014555431892
6.411422589373213,5.712920874109911
6.13145515156235,5.599757457892367
5.566587681074857,5.624707460628827
5.135902531135125,6.1708230070233325
4.725779268114824,6.32956473189938
4.126086826607833,6.616229699681859
3.4869634806740013,6.839278689304892

7.441295091101258,7.599735440671143
7.0175156844797035,6.92119950608589
6.946646207484464,6.742309744984605
6.728636423812724,6.130014555431892
6.411422589373213,5.712920874109911
6.13145515156235,5.599757457892367
5.566587681074857,5.624707460628827
5.532489036297195,6.40607891402632

6.974441601236298,7.044471526713021
6.653613381030256,6.311621437595592
6.282792748600346,5.6325434921121245
5.730676145386776,5.053607177431563
5.324687819617843,4.66227358721184
4.908026741984362,4.264003041707791
4.6028780344657445,3.9559251159401185
4.206491433503338,3.442382465497899
3.446420004906091,3.192799967253051
2.9178775125360055,3.0276296259270086
2.312399119204591,2.778369108171301
1.7458485106634225,2.5050670861411497
1.440868492146415,1.8456373706242268
1.337099348344816,1.5558569359852976

6.974441601236298,7.044471526713021
6.653613381030256,6.311621437595592
6.282792748600346,5.6325434921121245
6.106320780128687,5.277162758449768
5.791877394925289,4.62984359006167
5.545267350841961,4.0301695745258055
5.240076317055484,3.5361685277589903
4.973607516208645,3.1199892147741903
4.8020253563345,2.729841990828579
4.621426208052384,2.336351878218629
4.415235555603147,1.6100430459913984
3.6359965169379973,1.428972560764751

6.974441601236298,7.044471526713021
6.653613381030256,6.311621437595592
6.282792748600346,5.6325434921121245
6.106320780128687,5.277162758449768
5.791877394925289,4.62984359006167
5.545267350841961,4.0301695745258055
5.414501307868389,3.470042846145316
5.3234148685124865,3.2513686904709247
5.382066623396534,2.584194890113413
5.3703509582221605,2.392198671340621
5.350369690451859,1.714578605124795

6.974441601236298,7.044471526713021
6.653613381030256,6.311621437595592
6.282792748600346,5.6325434921121245
6.106320780128687,5.277162758449768
5.791877394925289,4.62984359006167
5.545267350841961,4.0301695745258055
5.605700068965224,3.90303003758211
5.619210259687858,3.1031441240002806
5.529638392703326,2.6783715433335287
5.482086260158832,2.172819135730237
5.680921599365937,1.6333832866699796
6.396373229725111,1.275432222114501

6.974441601236298,7.044471526713021
6.653613381030256,6.311621437595592
6.282792748600346,5.6325434921121245
5.730676145386776,5.053607177431563
5.324687819617843,4.66227358721184
4.908026741984362,4.264003041707791
4.6028780344657445,3.9559251159401185
4.206491433503338,3.442382465497899
3.446420004906091,3.192799967253051
3.311075393222311,3.121278221291977
2.5167986369874407,3.044262203019863
1.731253256888884,2.8928737760982037

6.974441601236298,7.044471526713021
6.653613381030256,6.311621437595592
6.282792748600346,5.6325434921121245
5.730676145386776,5.053607177431563
5.324687819617843,4.66227358721184
4.908026741984362,4.264003041707791
4.6028780344657445,3.9559251159401185
4.206491433503338,3.442382465497899
3.714647698390113,3.0994437675288635

6.974441601236298,7.044471526713021
6.653613381030256,6.311621437595592
6.282792748600346,5.6325434921121245
6.106320780128687,5.277162758449768
5.791877394925289,4.62984359006167
5.545267350841961,4.0301695745258055
5.373359387374663,3.6132607508321595

6.974441601236298,7.044471526713021
6.653613381030256,6.311621437595592
6.282792748600346,5.6325434921121245
6.106320780128687,5.277162758449768
5.791877394925289,4.62984359006167
5.545267350841961,4.0301695745258055
5.605700068965224,3.90303003758211
5.619210259687858,3.1031441240002806
5.529638392703326,2.6783715433335287
5.482086260158832,2.172819135730237
5.680921599365937,1.6333832866699796
6.192594350048531,1.5655063164658356
6.7405236958402135,2.058620521560314
7.13508274250132,2.3158049325355776

6.974441601236298,7.044471526713021
6.653613381030256,6.311621437595592
6.282792748600346,5.6325434921121245
5.580480677428825,5.501240504335962
5.204517933497277,5.78002190002427
4.749420314763395,6.207425526051089
4.467802434276364,6.407926913521183
3.787720364891786,6.410625298813047
3.528638981793375,6.481637708797307
2.914659917540812,6.55006969874292
2.116578482885142,6.60544138517152
1.4442349296146408,6.1915440344932104
0.9853444280415669,5.631074236107225

6.974441601236298,7.044471526713021
6.653613381030256,6.311621437595592
6.282792748600346,5.6325434921121245
5.580480677428825,5.501240504335962
5.204517933497277,5.78002190002427
4.749420314763395,6.207425526051089
4.467802434276364,6.407926913521183
3.787720364891786,6.410625298813047
3.528638981793375,6.481637708797307
2.914659917540812,6.55006969874292
2.116578482885142,6.60544138517152
1.4442349296146408,6.1915440344932104
1.504723496155589,5.409663623391216
2.0172780691485865,5.473969565051882
2.3018246998171135,5.517302302648197

6.974441601236298,7.044471526713021
6.653613381030256,6.311621437595592
6.282792748600346,5.6325434921121245
5.712360556955949,5.373053635882213

6.974441601236298,7.044471526713021
6.761684720966479,6.3163278680749855
6.6878222955448035,5.728026088800561

6.974441601236298,7.044471526713021
6.653613381030256,6.311621437595592
6.282792748600346,5.6325434921121245
5.580480677428825,5.501240504335962
5.204517933497277,5.78002190002427
4.749420314763395,6.207425526051089
4.467802434276364,6.407926913521183
3.787720364891786,6.410625298813047
3.528638981793375,6.481637708797307
2.914659917540812,6.55006969874292
2.4836987171957747,6.635924272566135
1.6892538165087196,6.730037501032357

6.974441601236298,7.044471526713021
6.653613381030256,6.311621437595592
6.282792748600346,5.6325434921121245
5.580480677428825,5.501240504335962
5.204517933497277,5.78002190002427
4.749420314763395,6.207425526051089
4.467802434276364,6.407926913521183
3.7119161331369965,6.642996893126421

6.974441601236298,7.044471526713021
6.653613381030256,6.311621437595592
6.282792748600346,5.6325434921121245
5.580480677428825,5.501240504335962
5.462653593732393,6.090871684500244
5.388135410745355,6.492544676410489

6.496009486736784,7.580450813405855
6.4092280106103185,6.913150427991301
6.412950353660921,6.113159087936789
6.436190766167189,6.081447660178061
6.228506692553271,5.308875769952221
5.787056981143609,4.884305016307067
5.640850010942931,4.741136930794897
5.103849655703563,4.291847796673842
4.699599877195289,3.9242041615824523
4.328628217448154,3.645078871629351
3.6098055972608325,3.347328748645414
3.0822705242949953,3.113515984583251
2.787053228207907,2.997129544440183
2.363420200683015,2.7325323361146028
2.0000844333261494,2.4403263955619745
1.6016075372399712,2.287514457831949
1.3330435281903574,1.6847268072214838

6.496009486736784,7.580450813405855
6.4092280106103185,6.913150427991301
6.412950353660921,6.113159087936789
6.436190766167189,6.081447660178061
6.228506692553271,5.308875769952221
5.805125067746614,4.6300915628760135
5.6104237791748535,4.184175530520779
5.389671111282105,3.677343587572179
5.117249060448932,3.0412288678448878
5.012106252710625,2.6473493361056266
4.768038223685258,2.0170286150039183
4.624307462852708,1.7191248412036713
3.923184660425899,1.3918904229619233
3.541470393211592,1.2836942147548742

6.496009486736784,7.580450813405855
6.4092280106103185,6.913150427991301
6.412950353660921,6.113159087936789
6.436190766167189,6.081447660178061
6.228506692553271,5.308875769952221
5.805125067746614,4.6300915628760135
5.6104237791748535,4.184175530520779
5.510788110092796,3.463817912016398
5.4829300487804105,2.8827979497535026
5.558019911963449,2.3999031566749354
5.621110988953998,1.748807386980271

6.496009486736784,7.580450813405855
6.4092280106103185,6.913150427991301
6.412950353660921,6.113159087936789
6.436190766167189,6.081447660178061
6.228506692553271,5.308875769952221
5.805125067746614,4.6300915628760135
5.6104237791748535,4.184175530520779
5.510788110092796,3.463817912016398
5.4829300487804105,2.8827979497535026
5.558019911963449,2.3999031566749354
5.621110988953998,1.748807386980271
6.02670950016954,1.3991873482204502
6.328960594763318,1.4705410691245115

6.496009486736784,7.580450813405855
6.4092280106103185,6.913150427991301
6.412950353660921,6.113159087936789
6.436190766167189,6.081447660178061
6.228506692553271,5.308875769952221
5.787056981143609,4.884305016307067
5.640850010942931,4.741136930794897
5.103849655703563,4.291847796673842
4.699599877195289,3.9242041615824523
4.328628217448154,3.645078871629351
3.6613378635579483,3.5214842873338768
3.3615101597138337,3.440617067582827
2.583108424367478,3.3655779259951975
2.0534777471904593,3.316295666780917
1.7011789163201854,3.2300260811849846

6.496009486736784,7.580450813405855
6.4092280106103185,6.913150427991301
6.412950353660921,6.113159087936789
6.436190766167189,6.081447660178061
6.228506692553271,5.308875769952221
5.787056981143609,4.884305016307067
5.640850010942931,4.741136930794897
5.103849655703563,4.291847796673842
4.699599877195289,3.9242041615824523
4.328628217448154,3.645078871629351
3.6613378635579483,3.5214842873338768

6.496009486736784,7.580450813405855
6.4092280106103185,6.913150427991301
6.412950353660921,6.113159087936789
6.436190766167189,6.081447660178061
6.228506692553271,5.308875769952221
5.805125067746614,4.6300915628760135
5.6104237791748535,4.184175530520779
5.389671111282105,3.677343587572179

6.496009486736784,7.580450813405855
6.4092280106103185,6.913150427991301
6.412950353660921,6.113159087936789
6.436190766167189,6.081447660178061
6.228506692553271,5.308875769952221
5.805125067746614,4.6300915628760135
5.6104237791748535,4.184175530520779
5.510788110092796,3.463817912016398
5.4829300487804105,2.8827979497535026
5.558019911963449,2.3999031566749354
5.621110988953998,1.748807386980271
6.02670950016954,1.3991873482204502
6.41246576165283,1.6487596670859084
6.404814147204736,2.250382716323465

6.496009486736784,7.580450813405855
6.526022003928254,6.968585711950368
6.56949473202587,6.479235470104318
6.516373480448951,5.941590594622908
6.04652409201854,5.408630986268831
5.8280601630135855,5.572609425442895
5.243372280212901,5.980857639268221
4.582136547046624,6.331352134287613
3.9186075262803755,6.429321056503497
3.3479585127947615,6.647282818310888
2.56391544574614,6.488297067336181
1.8707292765472818,6.42649957860348
1.5772807023824176,6.242806874714658
1.5191146403544504,5.98924880939594
1.691522338475966,5.6681810589174635

6.496009486736784,7.580450813405855
6.526022003928254,6.968585711950368
6.56949473202587,6.479235470104318
6.516373480448951,5.941590594622908
6.04652409201854,5.408630986268831
5.8280601630135855,5.572609425442895
5.243372280212901,5.980857639268221
4.582136547046624,6.331352134287613
3.9186075262803755,6.429321056503497
3.3479585127947615,6.647282818310888
2.56391544574614,6.488297067336181
1.8707292765472818,6.42649957860348
1.5772807023824176,6.242806874714658
1.5191146403544504,5.98924880939594
1.691522338475966,5.6681810589174635
1.9319309915045428,5.59080131312967
2.390869673856541,5.477079934900235

6.496009486736784,7.580450813405855
6.526022003928254,6.968585711950368
6.56949473202587,6.479235470104318
6.516373480448951,5.941590594622908
6.04652409201854,5.408630986268831
5.688878485116372,5.482816994173087

6.496009486736784,7.580450813405855
6.7415466960283865,6.920567362318658
6.857353925237534,6.595926343096845
7.009685174656653,6.077470054353924
7.193738908614633,5.657381752871293

6.496009486736784,7.580450813405855
6.526022003928254,6.968585711950368
6.56949473202587,6.479235470104318
6.516373480448951,5.941590594622908
6.04652409201854,5.408630986268831
5.8280601630135855,5.572609425442895
5.243372280212901,5.980857639268221
4.582136547046624,6.331352134287613
3.9186075262803755,6.429321056503497
3.3479585127947615,6.647282818310888
2.5480746650829835,6.633650864312974
2.287812927980254,6.59385969609125
1.6285702713344077,6.654391368388073

6.496009486736784,7.580450813405855
6.526022003928254,6.968585711950368
6.56949473202587,6.479235470104318
6.516373480448951,5.941590594622908
6.04652409201854,5.408630986268831
5.8280601630135855,5.572609425442895
5.243372280212901,5.980857639268221
4.582136547046624,6.331352134287613
3.9186075262803755,6.429321056503497
3.6882645806444248,6.3863423935525105

6.496009486736784,7.580450813405855
6.526022003928254,6.968585711950368
6.56949473202587,6.479235470104318
6.516373480448951,5.941590594622908
6.04652409201854,5.408630986268831
5.5656371618346325,5.779413987549661
5.480313353379843,6.3919732214187714

