5.506538147328752,7.138856776225535
5.23186742441022,6.387487363771573
5.007675409820507,5.684271015130367
4.8445622546433516,5.072238746067514
4.758387968689006,4.758137756821651
4.616860162230147,4.278181824434429
4.251983432216347,3.566237323862624
3.8482889816702164,3.4183975210091706
3.183604387800167,3.0502493988719577
2.742555062940909,2.8813447943898964
2.116039352458453,2.742920977545822
1.6660741319564876,2.4351955691815976
1.3340150178045853,1.7073654071872943

5.506538147328752,7.138856776225535
5.337770998905155,6.510736317136293
5.173031348715756,5.77094816354918
4.892991248219853,5.0550424703396555
4.771246862480772,4.3015824304810995
4.775053141871325,4.227957116788651
4.665254298441086,3.4427159369428675
4.592134249549516,2.9277208236701098
4.552555649384185,2.5147914401450224
4.44149432782962,1.7225380824023409
3.79355994446733,1.4631423510024137
3.674518278007486,1.579877737702849

5.506538147328752,7.138856776225535
5.337770998905155,6.510736317136293
5.206588923482335,5.789722332747027
5.191586151671385,5.722596385540426
5.167154732143919,4.922969531476686
5.152584928541963,4.790640548563407
5.140424330413792,4.033444667837733
5.019629582863347,3.5514097817190544
4.922910957923654,2.767606781455776
4.8350481253353195,1.9724463431481634
4.84221282088449,1.7376197323621885

5.506538147328752,7.138856776225535
5.529306866708875,6.589431494377321
5.524889823618422,5.789443688388793
5.524219174620605,4.989443969495142
5.525859994599623,4.459674547951894
5.519145925820417,4.158030631579157
5.477530800316371,3.430007780269899
5.482225460562849,2.7499816156960364
5.437506692282453,2.254667728887764
5.711641009612538,1.591584882746467
6.2583952965893825,1.327217726826382

5.506538147328752,7.138856776225535
5.23186742441022,6.387487363771573
5.007675409820507,5.684271015130367
4.8445622546433516,5.072238746067514
4.758387968689006,4.758137756821651
4.616860162230147,4.278181824434429
4.251983432216347,3.566237323862624
3.6335157847263395,3.534709777779779
2.8996258157391046,3.545858763392247
2.357151200661242,3.5057217881485867
1.7458975731741453,3.5248147369051366

5.506538147328752,7.138856776225535
5.23186742441022,6.387487363771573
5.007675409820507,5.684271015130367
4.8445622546433516,5.072238746067514
4.758387968689006,4.758137756821651
4.616860162230147,4.278181824434429
4.251983432216347,3.566237323862624
3.7148668589254767,3.5734137436879205

5.506538147328752,7.138856776225535
5.529306866708875,6.589431494377321
5.524889823618422,5.789443688388793
5.576702246109578,5.048002496096157
5.570803924252593,4.562174270543587
5.578780312179395,4.23378676924421
5.612887032527996,3.7391128242229215

5.506538147328752,7.138856776225535
5.529306866708875,6.589431494377321
5.524889823618422,5.789443688388793
5.524219174620605,4.989443969495142
5.525859994599623,4.459674547951894
5.519145925820417,4.158030631579157
5.477530800316371,3.430007780269899
5.482225460562849,2.7499816156960364
5.437506692282453,2.254667728887764
5.711641009612538,1.591584882746467
6.342469304002974,1.5789522475509148
6.5176448838197825,2.2761992634299406

5.506538147328752,7.138856776225535
5.331906272471142,7.073949259834248
4.535806745244276,6.99504715118587
3.829556510886647,6.885064740265484
3.247397524854754,6.765485494869765
2.477901743548915,6.546679090593026
1.7576173078719302,6.359133029993443
1.5304675886966779,6.194841533830376
1.2714035813503295,5.588353277437466

5.506538147328752,7.138856776225535
5.331906272471142,7.073949259834248
4.535806745244276,6.99504715118587
3.829556510886647,6.885064740265484
3.247397524854754,6.765485494869765
2.477901743548915,6.546679090593026
1.7576173078719302,6.359133029993443
1.5304675886966779,6.194841533830376
1.67524649331859,5.533556397825852
2.450815687592541,5.441035293594281

5.506538147328752,7.138856776225535
5.337770998905155,6.510736317136293
5.206588923482335,5.789722332747027
5.191586151671385,5.722596385540426

5.506538147328752,7.138856776225535
5.529306866708875,6.589431494377321
5.524889823618422,5.789443688388793
5.881016739310762,5.483307901121253
6.345910722713323,5.572776575586738

5.506538147328752,7.138856776225535
5.331906272471142,7.073949259834248
4.535806745244276,6.99504715118587
3.829556510886647,6.885064740265484
3.247397524854754,6.765485494869765
2.5603971051713357,6.667579478490084
2.1456468609355155,6.605097280387804
1.719760625748799,6.539466550778228

5.506538147328752,7.138856776225535
4.9767034440176,7.116746314324709
4.561588531227647,7.060747255387179
3.779220324047169,6.89898396283164
3.6902909005824607,6.881470008054981

5.506538147328752,7.138856776225535
5.529306866708875,6.589431494377321
5.524889823618422,5.789443688388793
5.881016739310762,5.483307901121253
6.345910722713323,5.572776575586738
6.43256605654334,6.344792588420833

5.214581345413609,6.502601637297346
5.015677626619944,5.755230151575164
4.99636956883587,5.705263995364498
4.857876042981967,4.969612439031547
4.797506062301848,4.794217626756735
4.604027434983057,4.124157168258925
4.32575965027604,3.6854421524805354
3.7139968357480595,3.3669832210035153
3.4234143106281985,3.2085931490918234
2.6832548577777584,2.9565072201673868
1.9602501920410673,2.614068534673216
1.4112813857262403,2.1210570455964626
1.110608536038646,1.6669624996977142

5.214581345413609,6.502601637297346
5.12489392552299,5.70764492985136
5.07116662766172,5.1076438493753065
4.977308380950666,4.527472376474213
4.875974006699569,3.8998350224660894
4.78733860971815,3.3454421926630786
4.66132747250059,2.8456270690769574
4.549220636657657,2.188524263210218
4.3018383151555355,1.6242406257931536
3.6345390417391914,1.3935318631740947

5.214581345413609,6.502601637297346
5.12489392552299,5.70764492985136
5.137514319289979,5.010477849614891
5.161950698803302,4.258318112791287
5.189119372743789,3.7560217275305403
5.216330210882356,3.192350168505005
5.208007306531284,2.404424943161547
5.092052077496428,1.748989212186153

5.214581345413609,6.502601637297346
5.331685689556072,6.14348885815799
5.320317347553752,5.354402190651688
5.4042828020640705,4.625593571036466
5.439365255801508,4.021733674716387
5.504968468651068,3.476162493621442
5.569567114714317,2.8061228584180675
5.596499013952814,2.2817655873445086
5.580077063980745,1.6627620057625168
6.345155277194829,1.4827298219251148

5.214581345413609,6.502601637297346
5.015677626619944,5.755230151575164
4.99636956883587,5.705263995364498
4.857876042981967,4.969612439031547
4.797506062301848,4.794217626756735
4.604027434983057,4.124157168258925
4.32575965027604,3.6854421524805354
3.7139968357480595,3.3669832210035153
2.9792877755853544,3.165930299275268
2.603597823719051,3.0897273879166427
2.0009413384325754,3.0259168001009873
1.6279172686152172,2.918987195639521

5.214581345413609,6.502601637297346
5.015677626619944,5.755230151575164
4.99636956883587,5.705263995364498
4.857876042981967,4.969612439031547
4.797506062301848,4.794217626756735
4.604027434983057,4.124157168258925
4.32575965027604,3.6854421524805354
3.7139968357480595,3.3669832210035153

5.214581345413609,6.502601637297346
5.12489392552299,5.70764492985136
5.137514319289979,5.010477849614891
5.161950698803302,4.258318112791287
5.192986988638438,3.7051830160180668

5.214581345413609,6.502601637297346
5.331685689556072,6.14348885815799
5.320317347553752,5.354402190651688
5.4042828020640705,4.625593571036466
5.439365255801508,4.021733674716387
5.504968468651068,3.476162493621442
5.569567114714317,2.8061228584180675
5.596499013952814,2.2817655873445086
5.580077063980745,1.6627620057625168
5.8477801851843525,1.4865486908285928
6.502234047747173,1.7471231522768158
6.660945655956332,2.248041564889337
6.664496903580588,2.5595090360069235

5.214581345413609,6.502601637297346
4.497940703062718,6.547170724965185
4.229679814632703,6.569616017736452
3.6433250049128474,6.528040539650268
2.851642883827666,6.553874220474563
2.2737387548442203,6.561273150685586
1.9663768773135915,6.490921959656246
1.5463850594433604,6.230562769778599
1.6285534190820898,5.4359399842530545

5.214581345413609,6.502601637297346
4.497940703062718,6.547170724965185
4.229679814632703,6.569616017736452
3.6433250049128474,6.528040539650268
2.851642883827666,6.553874220474563
2.2737387548442203,6.561273150685586
1.9663768773135915,6.490921959656246
1.490230748787331,6.238897760680655
1.7224217390095933,5.4819060725197595
2.4030777439448925,5.507431460401909

5.214581345413609,6.502601637297346
5.12489392552299,5.70764492985136

5.214581345413609,6.502601637297346
5.237532733251295,6.501701273443374
5.6113384652679645,5.794404111911192
5.850979674841364,5.458230707717571
6.254477957912144,5.368247468849043

5.214581345413609,6.502601637297346
4.497940703062718,6.547170724965185
4.229679814632703,6.569616017736452
3.6433250049128474,6.528040539650268
2.851642883827666,6.553874220474563
2.2737387548442203,6.561273150685586
1.525213717057179,6.5330776419191485

5.214581345413609,6.502601637297346
4.864157754111014,6.463962752540621
4.284212310856453,6.413792525115219
3.7037844492845635,6.401094495624511

5.214581345413609,6.502601637297346
5.331685689556072,6.14348885815799
5.495785452396182,5.74453185181155
6.105197151445225,5.485889613348483
6.3060833616295024,5.559780083879346
6.538231443295676,6.261432060228434

5.466247854393836,7.7191017757691505
5.322006375517161,7.2801167933527395
5.17882319618839,6.493034474178115
5.097706669775416,6.079828602326218
4.988647785573927,5.516739737642343
4.828350268397784,4.817999103905847
4.700358987624043,4.192503734738718
4.256889702557901,3.588473920310042
3.575173225016027,3.31936591486998
3.0622880796275536,3.0555537520706166
2.3977892252809956,2.7367279469376222
2.259732835433531,2.668863645005558
1.6756825309314114,2.3918081568171856
1.5356460164732868,1.7691785901557933
1.5100550104649209,1.6044860060733948

5.466247854393836,7.7191017757691505
5.432643622971827,7.552661916877594
5.346192294727426,6.878152656283893
5.284343039045169,6.558889408976051
5.1782850385526675,6.051208413061614
5.0785289142759344,5.280058501801072
5.036404448096349,4.927021695901325
4.971829016157471,4.384509781146646
4.825547184848006,3.7543821348200668
4.709102459005662,2.9877302146445084
4.625777927099248,2.4840158517838846
4.522632617135234,1.903630632842379
4.151857393093188,1.463571840935321
3.54351095916069,1.530133592531232

5.466247854393836,7.7191017757691505
5.432643622971827,7.552661916877594
5.346192294727426,6.878152656283893
5.284343039045169,6.558889408976051
5.1782850385526675,6.051208413061614
5.166113179265518,5.415238783579788
5.07332204265049,4.628927244619439
5.087255960359851,4.100071247077848
5.114371031798933,3.300764566280258
5.170854885596114,2.5029530817469032
5.151792459888484,2.233887642111112
5.123935490990523,1.6924205065094409

5.466247854393836,7.7191017757691505
5.579444368712169,6.927150673019631
5.577672777693444,6.8521955803919115
5.603082228096036,6.052599207319698
5.491599501617754,5.2637315149057935
5.45263523806878,4.464680961958055
5.393986436974262,3.916246124060703
5.39753643809436,3.3952331673161447
5.438455021963112,3.09717829667035
5.405666463271738,2.2978505100778017
5.481227087569508,1.8577195406608131
5.821111552600391,1.5245985084286224
6.255160322713509,1.5017328969034403

5.466247854393836,7.7191017757691505
5.322006375517161,7.2801167933527395
5.17882319618839,6.493034474178115
5.097706669775416,6.079828602326218
4.988647785573927,5.516739737642343
4.828350268397784,4.817999103905847
4.700358987624043,4.192503734738718
4.256889702557901,3.588473920310042
4.09657034560715,3.506454269800069
3.299539254875577,3.437596151852807
2.558722400975141,3.3796566092098326
2.3271076646060664,3.355034889189559
1.7381533941776148,3.189365296616758

5.466247854393836,7.7191017757691505
5.322006375517161,7.2801167933527395
5.17882319618839,6.493034474178115
5.097706669775416,6.079828602326218
4.988647785573927,5.516739737642343
4.828350268397784,4.817999103905847
4.700358987624043,4.192503734738718
4.256889702557901,3.588473920310042
3.693435093986003,3.2566594817756553

5.466247854393836,7.7191017757691505
5.432643622971827,7.552661916877594
5.346192294727426,6.878152656283893
5.284343039045169,6.558889408976051
5.1782850385526675,6.051208413061614
5.176671821140096,5.2512100396072805
5.24054343060537,4.5041455426763
5.168237098826831,3.882689928667082
5.146248396928067,3.64000457361155

5.466247854393836,7.7191017757691505
5.579444368712169,6.927150673019631
5.577672777693444,6.8521955803919115
5.603082228096036,6.052599207319698
5.491599501617754,5.2637315149057935
5.45263523806878,4.464680961958055
5.393986436974262,3.916246124060703
5.39753643809436,3.3952331673161447
5.438455021963112,3.09717829667035
5.405666463271738,2.2978505100778017
5.481227087569508,1.8577195406608131
5.821111552600391,1.5245985084286224
6.255160322713509,1.5017328969034403
6.49455485531849,2.056357117689548
6.496469363570657,2.255944093024072

5.466247854393836,7.7191017757691505
4.691478391408434,7.519772201382128
4.209089785930556,7.354849589497075
3.79424076947811,7.203867126716368
3.1997936056846514,7.010938522320062
2.6097884582537545,6.775533482365734
2.023644680336443,6.516372840786938
1.4697188784229072,6.289957871878716
1.1710564250375695,5.72006788646531

5.466247854393836,7.7191017757691505
4.691478391408434,7.519772201382128
4.209089785930556,7.354849589497075
3.79424076947811,7.203867126716368
3.1997936056846514,7.010938522320062
2.6097884582537545,6.775533482365734
2.023644680336443,6.516372840786938
1.4697188784229072,6.289957871878716
1.6641884205709758,5.528979186215683
2.239667669228879,5.298309761654523
2.4292156750487903,5.158368931955989

5.466247854393836,7.7191017757691505
5.468966937144657,7.3313270866962545
5.462428821850875,6.775729500137439
5.360193936841616,6.082323543114453
5.40481910548429,5.72561943068371

5.466247854393836,7.7191017757691505
5.579444368712169,6.927150673019631
5.577672777693444,6.8521955803919115
5.603082228096036,6.052599207319698
5.644958897298539,5.540173767744008
6.253094393221277,5.383036341311676

5.466247854393836,7.7191017757691505
4.691478391408434,7.519772201382128
4.022320886688076,7.448561840402879
3.74229140342692,7.4182960691806485
3.1287148304169916,7.290579290937634
2.33825329142379,7.251914424811724
1.7266604631104312,7.152234254264861

5.466247854393836,7.7191017757691505
4.85117022400009,7.700802964913324
4.434686304480452,7.587820568118452
3.749112708340315,7.579753475567285

5.466247854393836,7.7191017757691505
5.579444368712169,6.927150673019631
5.577672777693444,6.8521955803919115
5.603082228096036,6.052599207319698
5.644958897298539,5.540173767744008
5.877649072814767,5.412251278533062
6.565771994692139,5.697692796761769
6.581204738010275,6.366654237562237

4.763780155919961,6.161742541259774
4.697039835385267,5.431959388750519
4.644899039412244,5.054520076402999
4.551067764682993,4.296857661302637
4.541572445911468,3.8241056064778087
4.06709197845785,3.3558049988876806
3.296438032311411,3.1411133705252277
2.8275233717471133,2.967403163155304
2.1339748410825634,2.6783271896136136
1.8131220047793364,2.4843288579730247
1.4993912205970956,2.024210425718936
1.4228314747538715,1.7357712944645847

4.763780155919961,6.161742541259774
4.697039835385267,5.431959388750519
4.644899039412244,5.054520076402999
4.551067764682993,4.296857661302637
4.541572445911468,3.8241056064778087
4.527898484910463,3.2143277890392925
4.485280929360828,2.839345441000115
4.461962455316987,2.3944903832338715
4.373242252291566,1.6283626889496237
4.042722244199373,1.463512153691318
3.5747269446790093,1.1538406627017554

4.763780155919961,6.161742541259774
4.723499364128253,5.402437863292161
4.81757514921426,4.7131044614923105
4.88797471328393,3.9162080432679596
4.913407739682557,3.509986956934682
4.950187861733534,3.054323987761446
4.963186271922866,2.3280923660897623
4.933881155408389,1.7218656307352838

4.763780155919961,6.161742541259774
4.891302602908191,5.405015435210934
4.9133513743676716,5.1878738479983735
4.92029337415237,4.411591128840083
4.9629390267954,3.7328997132380985
5.21136499256326,2.972449491637561
5.284230513687604,2.177549126914644
5.759972921968478,1.6066910274120947
6.297961809632707,1.5712076419892307

4.763780155919961,6.161742541259774
4.697039835385267,5.431959388750519
4.644899039412244,5.054520076402999
4.551067764682993,4.296857661302637
4.475533490014353,3.6668861332089904
3.723280434215205,3.5581196077061747
2.966207169896631,3.5496365794051994
2.2117277237353226,3.4840390538028205
1.7178984024753357,3.512427303646987

4.763780155919961,6.161742541259774
4.697039835385267,5.431959388750519
4.644899039412244,5.054520076402999
4.551067764682993,4.296857661302637
4.475533490014353,3.6668861332089904
3.723280434215205,3.5581196077061747

4.763780155919961,6.161742541259774
4.891302602908191,5.405015435210934
4.9133513743676716,5.1878738479983735
4.92029337415237,4.411591128840083
4.9629390267954,3.7328997132380985

4.763780155919961,6.161742541259774
4.891302602908191,5.405015435210934
4.9133513743676716,5.1878738479983735
4.92029337415237,4.411591128840083
4.9629390267954,3.7328997132380985
5.21136499256326,2.972449491637561
5.284230513687604,2.177549126914644
5.759972921968478,1.6066910274120947
6.297961809632707,1.5712076419892307
6.511066089962685,2.0222335860142033
6.568584117468232,2.4141469553626695

4.763780155919961,6.161742541259774
4.053240758170194,6.5293479876903175
3.2546036180315197,6.482671244111533
2.4546632349239728,6.472904797790032
2.2825985426159754,6.437948907123999
1.6250591871828681,6.4432087520347805
1.4852109508859632,5.6872891053498975

4.763780155919961,6.161742541259774
4.053240758170194,6.5293479876903175
3.2546036180315197,6.482671244111533
2.4546632349239728,6.472904797790032
2.2825985426159754,6.437948907123999
1.6250591871828681,6.4432087520347805
1.5855284654808457,5.644186022669891
2.311798984927279,5.308729419540652

4.763780155919961,6.161742541259774
4.684926926612675,5.605090047014182

4.763780155919961,6.161742541259774
5.439475250879345,5.762972527129613
6.124146664853779,5.480928645588604
6.486382593647319,5.5150034270453006

4.763780155919961,6.161742541259774
4.053240758170194,6.5293479876903175
3.2546036180315197,6.482671244111533
2.4546632349239728,6.472904797790032
1.7194994951097904,6.546456603120876

4.763780155919961,6.161742541259774
4.053240758170194,6.5293479876903175
3.6886581432705023,6.596300510321626

4.763780155919961,6.161742541259774
5.439475250879345,5.762972527129613
6.124146664853779,5.480928645588604
6.399107369799788,5.727440444930513
6.481481571697828,6.274083072942707

4.85542924708383,7.411530340910628
4.745978085049757,6.714184270825662
4.632592531338103,6.033110264251597
4.542827374165745,5.440696851401083
4.4674885163372995,4.856652294900178
4.4384136285926425,4.388619572839533
4.378417535840302,3.79716279686643
4.207735620806173,3.4675793278254523
3.485719089183483,3.1230620886870595
2.7821303395735004,2.786531882610545
2.254093821349692,2.610904671485974
1.6021734259447682,2.368411695420634
1.2967555775491322,1.6629189129532862

4.85542924708383,7.411530340910628
4.745978085049757,6.714184270825662
4.6531230090862685,6.047923651355865
4.687397779442247,5.413216930016975
4.671878697926867,5.234075473322717
4.674604767963119,4.539018582501724
4.640073318202144,3.835658751153363
4.606213569986048,3.37159217424258
4.557677834920488,2.74817648742185
4.549433356184894,2.234057427485343
4.240995917817377,1.5148105549354949
3.6400177554580186,1.2532033917413004

4.85542924708383,7.411530340910628
4.952814765536098,6.710452138551402
5.13892683298119,6.093314519148103
5.149092239658179,5.311191202289315
5.1451712489041785,4.723885275169474
5.151414532760144,4.02581148216855
5.159023514478692,3.749906571378248
5.218766563613269,3.114061146941794
5.336448126078182,2.322764078922572
5.3394911966526815,1.7492278901963727

4.85542924708383,7.411530340910628
4.952814765536098,6.710452138551402
5.090813209978311,6.188217437768158
5.202909420900516,5.778617248396435
5.245643809054103,5.119308943638233
5.308953835770105,4.612748354445538
5.445821022079544,4.0045774087135975
5.542811766203817,3.339053454748348
5.567941061277726,2.5476404443917904
5.5894852969401505,1.750609370341624
5.717845921202215,1.6223541792228762
6.1133072145110035,1.5462284554535903
6.25539949347417,1.6509528603876702

4.85542924708383,7.411530340910628
4.745978085049757,6.714184270825662
4.632592531338103,6.033110264251597
4.542827374165745,5.440696851401083
4.4674885163372995,4.856652294900178
4.4384136285926425,4.388619572839533
4.378417535840302,3.79716279686643
4.207735620806173,3.4675793278254523
3.4119874141465933,3.3852094814126863
3.0675216362754627,3.374384464193337
2.61095310880777,3.3269014933748093
1.9209191560752283,3.238748189292421
1.7299216797494543,3.2298400801190303

4.85542924708383,7.411530340910628
4.745978085049757,6.714184270825662
4.632592531338103,6.033110264251597
4.542827374165745,5.440696851401083
4.4674885163372995,4.856652294900178
4.4384136285926425,4.388619572839533
4.378417535840302,3.79716279686643
4.207735620806173,3.4675793278254523
3.6219878089897426,3.305185335620744

4.85542924708383,7.411530340910628
4.952814765536098,6.710452138551402
5.13892683298119,6.093314519148103
5.149092239658179,5.311191202289315
5.1451712489041785,4.723885275169474
5.151414532760144,4.02581148216855
5.159023514478692,3.749906571378248

4.85542924708383,7.411530340910628
4.952814765536098,6.710452138551402
5.090813209978311,6.188217437768158
5.202909420900516,5.778617248396435
5.245643809054103,5.119308943638233
5.308953835770105,4.612748354445538
5.445821022079544,4.0045774087135975
5.542811766203817,3.339053454748348
5.567941061277726,2.5476404443917904
5.5894852969401505,1.750609370341624
5.717845921202215,1.6223541792228762
6.156421932273458,1.5097081629168168
6.6699468205304075,2.100466445509392
6.898149540948776,2.4183441951036597

4.85542924708383,7.411530340910628
4.644854059297593,7.3369315847613885
4.024566248107969,7.28899969029154
3.3595827485043777,7.13670792846172
3.12538001311238,7.044223114819458
2.4319679477319216,6.783908015907394
2.0335438827343353,6.6282635554782665
1.5123540906796307,6.255236422834066
1.459941046879691,5.716459882608484

4.85542924708383,7.411530340910628
4.644854059297593,7.3369315847613885
4.024566248107969,7.28899969029154
3.3595827485043777,7.13670792846172
3.12538001311238,7.044223114819458
2.4319679477319216,6.783908015907394
2.0335438827343353,6.6282635554782665
1.5123540906796307,6.255236422834066
1.5750955000192075,5.808824330294636
1.9663942635213596,5.444357396892245
2.3829999867435356,5.5598676286204975

4.85542924708383,7.411530340910628
4.745978085049757,6.714184270825662
4.688469915749701,6.40318336573733
4.761135095146665,5.742904325493508

4.85542924708383,7.411530340910628
5.152198850561659,6.66861190497596
5.450758299801601,5.926410951547886
5.655432896085301,5.677838605652923
6.037341640179436,5.545192556420315
6.309126617687447,5.561628723077451

4.85542924708383,7.411530340910628
4.644854059297593,7.3369315847613885
4.024566248107969,7.28899969029154
3.3676933308431196,7.181301027860716
3.1374826997298433,7.161067046971627
2.443532351845006,7.1418269635182385
1.7437922316107652,7.068804465353511

4.85542924708383,7.411530340910628
4.644854059297593,7.3369315847613885
4.018673685388688,7.3536237781518885
3.6779948825993696,7.336269900227481

4.85542924708383,7.411530340910628
5.152198850561659,6.66861190497596
5.450758299801601,5.926410951547886
5.655432896085301,5.677838605652923
6.037341640179436,5.545192556420315
6.478649353089306,5.777283106094035
6.568529961144044,6.318404717281508

4.283235696317536,7.676412963064031
4.327668943900015,7.278459100833177
4.393481893069474,6.6488782329833676
4.466521316508881,6.049035981660779
4.478397366438383,5.360150012291037
4.52451329537471,4.927966436067073
4.546661266069555,4.243948446802819
4.344222650536733,3.7444308175270633
4.228316180141917,3.6065887664845153
3.535537135484529,3.4094911429014543
2.8354717044699784,3.0223110913770874
2.3117878156202827,2.7982368742262405
1.6466453242494212,2.353731006803814
1.4084074961055972,1.925970107274304
1.3597039965066093,1.5017427647722534

4.283235696317536,7.676412963064031
4.327668943900015,7.278459100833177
4.393481893069474,6.6488782329833676
4.466521316508881,6.049035981660779
4.478397366438383,5.360150012291037
4.52451329537471,4.927966436067073
4.546661266069555,4.243948446802819
4.543356022530135,4.093142183462364
4.582144988510495,3.3545244986530616
4.5716899949566,2.747276160574085
4.5385378576307165,2.0428224002265654
4.1426561463589096,1.4181922821912933
3.736834757760294,1.548879620190999

4.283235696317536,7.676412963064031
4.327668943900015,7.278459100833177
4.393481893069474,6.6488782329833676
4.466521316508881,6.049035981660779
4.641556872423813,5.268419203615656
4.7335201238573585,4.843618898105344
4.900731987434425,4.324178653148908
5.026789654219367,3.6559862481479417
5.183466959780857,2.904901552653917
5.3592223244741,2.29478482963709
5.497315297556421,1.7371069663033636

4.283235696317536,7.676412963064031
4.4318958011358625,7.126046481940287
4.5749205001532065,6.33893534908102
4.75394827999098,5.638614692559427
5.002374667978987,4.935061095540534
5.121459585102619,4.143974006457633
5.243658348299855,3.5729903202491764
5.327403769226329,2.889508832363798
5.440556312784368,2.288683840317818
5.588545549860743,1.8241362766209672
6.096483365447974,1.2060754580145203
6.287368243097022,1.077991647921272

4.283235696317536,7.676412963064031
4.327668943900015,7.278459100833177
4.393481893069474,6.6488782329833676
4.466521316508881,6.049035981660779
4.478397366438383,5.360150012291037
4.52451329537471,4.927966436067073
4.546661266069555,4.243948446802819
4.344222650536733,3.7444308175270633
4.228316180141917,3.6065887664845153
4.062588237174555,3.589952052358235
3.3958651025262965,3.584837007658211
2.9029971852073033,3.592180829925737
2.414775612266136,3.538580077226251
1.6181583341031747,3.61207097552145

4.283235696317536,7.676412963064031
4.327668943900015,7.278459100833177
4.393481893069474,6.6488782329833676
4.466521316508881,6.049035981660779
4.478397366438383,5.360150012291037
4.52451329537471,4.927966436067073
4.546661266069555,4.243948446802819
4.344222650536733,3.7444308175270633
4.228316180141917,3.6065887664845153
3.731213837772405,3.3564545106559556

4.283235696317536,7.676412963064031
4.327668943900015,7.278459100833177
4.393481893069474,6.6488782329833676
4.466521316508881,6.049035981660779
4.478397366438383,5.360150012291037
4.52451329537471,4.927966436067073
4.546661266069555,4.243948446802819
4.344222650536733,3.7444308175270633

4.283235696317536,7.676412963064031
4.327668943900015,7.278459100833177
4.393481893069474,6.6488782329833676
4.466521316508881,6.049035981660779
4.641556872423813,5.268419203615656
4.7335201238573585,4.843618898105344
4.900731987434425,4.324178653148908
5.026789654219367,3.6559862481479417
5.183466959780857,2.904901552653917
5.3592223244741,2.29478482963709
5.497315297556421,1.7371069663033636
6.114242438141248,1.4997179277406245
6.461912474652346,1.7751772817015865
6.542200090163258,2.366491987430689

4.283235696317536,7.676412963064031
3.7318254025565283,7.465622844703224
3.149914140023192,7.181400676802597
2.923366664079721,7.085923622451328
2.2629468883377197,6.645070208777542
1.5757761796279424,6.23810818889365
1.454787152294624,5.702457157308015

4.283235696317536,7.676412963064031
3.7318254025565283,7.465622844703224
3.149914140023192,7.181400676802597
2.923366664079721,7.085923622451328
2.2629468883377197,6.645070208777542
1.5757761796279424,6.23810818889365
1.5439507262040404,5.8171305591015505
2.0070380209190852,5.374247859420299
2.3514364605198956,5.375098709984378

4.283235696317536,7.676412963064031
4.4318958011358625,7.126046481940287
4.5749205001532065,6.33893534908102
4.75394827999098,5.638614692559427

4.283235696317536,7.676412963064031
4.615822820638303,7.10531945623229
4.9639236723038795,6.6134309299698195
5.145200638885355,6.343188498574632
5.477700745190175,5.810169991823278
5.664323073680965,5.6887593783283155
6.288404145511378,5.350580182072244

4.283235696317536,7.676412963064031
3.857027492122846,7.555553997357675
3.0893156621750903,7.621678680617647
2.2930968659366155,7.543989373010007
1.6576092170766965,7.680919367746126

4.283235696317536,7.676412963064031
3.7318254025565283,7.465622844703224

4.283235696317536,7.676412963064031
4.615822820638303,7.10531945623229
4.9639236723038795,6.6134309299698195
5.145200638885355,6.343188498574632
5.477700745190175,5.810169991823278
5.981927558667184,5.477414962404724
6.386558054537287,5.739138166174017
6.767769873407174,6.2720927248608

4.758191039115457,6.915502756658881
4.77984872241902,6.227826705571907
4.710846977386615,5.43080803629089
4.671024522400437,5.089382639640303
4.6484721107093385,4.579578718031042
4.571493787305579,3.8779171355032207
4.09271408497323,3.2370037274405186
3.6782853803944913,3.0871129939815587
3.151748279951508,2.9208545569485045
2.6298672320460206,2.7071364996554212
1.993778614087053,2.478673649575267
1.5668400844813224,2.33159583379403
1.5867021885856847,1.7363389297513854

4.758191039115457,6.915502756658881
4.77984872241902,6.227826705571907
4.710846977386615,5.43080803629089
4.671024522400437,5.089382639640303
4.627626891709219,4.290560603357885
4.666762229641078,3.491518410901842
4.600834736696544,2.7258132520176805
4.535216563240344,2.291250548351788
4.271381938509379,1.5360080106242906
3.7170245106367914,1.078702828374812

4.758191039115457,6.915502756658881
4.860406674269921,6.240543766303903
4.994299418880748,5.513128043087435
5.130227868435677,4.778761158371606
5.2857687611994715,4.007359113126798
5.462174762623827,3.227050890267734
5.469162721137145,2.4766851305336632
5.4688823643609386,1.7293570808404324

4.758191039115457,6.915502756658881
4.860406674269921,6.240543766303903
4.994299418880748,5.513128043087435
5.130227868435677,4.778761158371606
5.2857687611994715,4.007359113126798
5.462174762623827,3.227050890267734
5.469162721137145,2.4766851305336632
5.480363450416043,1.9749961239041958
5.715766268507606,1.6641606100039785
6.285607395851687,1.2076844229528765

4.758191039115457,6.915502756658881
4.77984872241902,6.227826705571907
4.710846977386615,5.43080803629089
4.671024522400437,5.089382639640303
4.6484721107093385,4.579578718031042
4.571493787305579,3.8779171355032207
4.09271408497323,3.2370037274405186
3.4378405439905055,3.213174398111586
3.0966467450533104,3.18419134030881
2.3358185914705984,3.2018670219670944
1.6085611069237378,3.2064528001683703

4.758191039115457,6.915502756658881
4.77984872241902,6.227826705571907
4.710846977386615,5.43080803629089
4.671024522400437,5.089382639640303
4.6484721107093385,4.579578718031042
4.571493787305579,3.8779171355032207
4.09271408497323,3.2370037274405186
3.6782853803944913,3.0871129939815587

4.758191039115457,6.915502756658881
4.77984872241902,6.227826705571907
4.710846977386615,5.43080803629089
4.671024522400437,5.089382639640303
4.765593534900065,4.294991865603466
4.872830310092013,3.7230459164519702

4.758191039115457,6.915502756658881
4.860406674269921,6.240543766303903
4.994299418880748,5.513128043087435
5.130227868435677,4.778761158371606
5.2857687611994715,4.007359113126798
5.462174762623827,3.227050890267734
5.469162721137145,2.4766851305336632
5.480363450416043,1.9749961239041958
5.715766268507606,1.6641606100039785
5.89497895354765,1.5597208934282873
6.523556494761757,1.7178366799162768
6.906181701948082,2.3060102614426414

4.758191039115457,6.915502756658881
3.9879346280731123,6.810501626071581
3.5671024418436246,6.768860313817773
3.1578843560436765,6.663109881557823
2.3642654543115627,6.562268229382179
1.7325983111497854,6.510251647353631
1.5081365942908609,6.035471989982085
1.616183472551165,5.624913427137458

4.758191039115457,6.915502756658881
3.9879346280731123,6.810501626071581
3.5671024418436246,6.768860313817773
3.1578843560436765,6.663109881557823
2.3642654543115627,6.562268229382179
1.7325983111497854,6.510251647353631
1.5081365942908609,6.035471989982085
1.616183472551165,5.624913427137458
2.4122705635082906,5.5458859407076

4.758191039115457,6.915502756658881
4.902483263187959,6.494013078197363
5.134112037344083,5.749858420670341

4.758191039115457,6.915502756658881
5.059532318182788,6.53286445723346
5.3258605070608125,6.184712247336831
5.558082379005193,5.82095196465823
5.855442549873232,5.554853875084494
6.270218982380674,5.543806764747074

4.758191039115457,6.915502756658881
3.9879346280731123,6.810501626071581
3.5671024418436246,6.768860313817773
3.1578843560436765,6.663109881557823
2.3642654543115627,6.562268229382179
1.7325983111497854,6.510251647353631

4.758191039115457,6.915502756658881
3.985602367540153,6.7078811186884915
3.7226430365621663,6.700988823827072

4.758191039115457,6.915502756658881
5.059532318182788,6.53286445723346
5.3258605070608125,6.184712247336831
5.558082379005193,5.82095196465823
5.855442549873232,5.554853875084494
6.322639696408197,5.5867442612569205
6.586681194396934,6.268522522124029

4.755274943700979,6.48522414577044
4.669230198988187,6.200517670841959
4.638259219112189,5.435037093187236
4.680508945059922,4.70838393507871
4.698442774240165,4.535102572115649
4.640447202420074,3.737207520339252
3.878832769012785,3.4923739956215476
3.191712632606303,3.1697245716681994
2.4239571968217297,2.9448877623525527
1.882364222495399,2.6721611034760953
1.5115620913246923,1.990643488748919
1.6209193296973603,1.3315311719614924

4.755274943700979,6.48522414577044
4.669230198988187,6.200517670841959
4.638259219112189,5.435037093187236
4.680508945059922,4.70838393507871
4.698442774240165,4.535102572115649
4.640447202420074,3.737207520339252
4.6414858227243485,3.183718538346897
4.652005262541735,2.6718040002789123
4.549664653497791,2.189439097116817
4.235778736224347,1.5147686741372732
3.512204098433398,1.5917399577615101

4.755274943700979,6.48522414577044
4.669230198988187,6.200517670841959
4.638259219112189,5.435037093187236
4.680508945059922,4.70838393507871
4.698442774240165,4.535102572115649
4.640447202420074,3.737207520339252
4.6414858227243485,3.183718538346897
4.652005262541735,2.6718040002789123
4.6835566222793314,2.365554376340879
4.67005168410347,1.7426310800636449

4.755274943700979,6.48522414577044
4.975967918300903,5.716267312806302
5.014477419152879,5.478849910048565
5.168110764454251,4.798629420943805
5.277083147233309,4.221660483764762
5.37795930964887,3.6442490973921533
5.413240551926398,3.2540359465501236
5.467575195159294,2.5684848474837763
5.6083897669963765,1.780975319694849
5.872840093256737,1.4636003846905739
6.378855674912579,1.2705041472697933

4.755274943700979,6.48522414577044
4.669230198988187,6.200517670841959
4.638259219112189,5.435037093187236
4.680508945059922,4.70838393507871
4.698442774240165,4.535102572115649
4.640447202420074,3.737207520339252
3.878832769012785,3.4923739956215476
3.112396968684625,3.4314637027628185
2.5862213538011596,3.3637022188236045
2.270028712124371,3.371958390896323
1.6692204149872365,3.402624297570119

4.755274943700979,6.48522414577044
4.669230198988187,6.200517670841959
4.638259219112189,5.435037093187236
4.680508945059922,4.70838393507871
4.698442774240165,4.535102572115649
4.634134696026931,3.8364678328257544
4.043392453300585,3.2970017980667095
3.705605328408484,3.0691148224092166

4.755274943700979,6.48522414577044
4.669230198988187,6.200517670841959
4.638259219112189,5.435037093187236
4.680508945059922,4.70838393507871
4.698442774240165,4.535102572115649
4.640447202420074,3.737207520339252

4.755274943700979,6.48522414577044
4.975967918300903,5.716267312806302
5.014477419152879,5.478849910048565
5.168110764454251,4.798629420943805
5.277083147233309,4.221660483764762
5.37795930964887,3.6442490973921533
5.413240551926398,3.2540359465501236
5.467575195159294,2.5684848474837763
5.6083897669963765,1.780975319694849
5.697494784470802,1.5408534917619199
6.467881131912796,1.6812087864762033
6.8546613562868295,2.2650498316099363

4.755274943700979,6.48522414577044
4.678850924844152,6.459819231948654
3.879002901579036,6.444226295121788
3.3588962007659373,6.430583434904638
3.03164020101993,6.420465888822432
2.3696342282236857,6.425640258522324
1.781926065098773,6.462959021795039
1.616702927418898,6.261983112663433
1.4055065533214277,5.712105099284791

4.755274943700979,6.48522414577044
4.678850924844152,6.459819231948654
3.879002901579036,6.444226295121788
3.3588962007659373,6.430583434904638
3.03164020101993,6.420465888822432
2.3696342282236857,6.425640258522324
1.781926065098773,6.462959021795039
1.616702927418898,6.261983112663433
1.5763147261902974,6.067458815159482
1.6714323345277453,5.5254002442224115
2.3621452456635743,5.143182785830062

4.755274943700979,6.48522414577044
5.011516930718541,5.732266258938728

4.755274943700979,6.48522414577044
5.104259467517404,6.085301476716181
5.365506741259306,5.819213713308368
6.0303235154155574,5.508858607951575
6.320098624789162,5.490696431684585

4.755274943700979,6.48522414577044
3.959808971377745,6.570276405445611
3.8142997753750936,6.586128167782351
3.1559635841089673,6.662768203294884
2.6297851685604954,6.759820587602075
2.1338161645598532,6.864950770013472
1.7245956763293746,6.898847682988689

4.755274943700979,6.48522414577044
3.959808971377745,6.570276405445611
3.6663643832077355,6.608267213926962

4.755274943700979,6.48522414577044
5.104259467517404,6.085301476716181
5.365506741259306,5.819213713308368
6.0303235154155574,5.508858607951575
6.320098624789162,5.490696431684585
6.435521314784342,6.282326144766577

4.572287944850844,7.560354334863822
4.665232806765884,7.051909999223261
4.701629303162759,6.410113494868976
4.706964253599673,5.94430294692793
4.703731890168119,5.144309477062928
4.631918979072875,4.491483248310802
4.35011324426865,3.750527911229162
3.9640305202183104,3.3298143113419716
3.544200360071625,3.0945014460993048
3.002977870144323,2.8920747292902225
2.603549221439434,2.731451077554382
2.0183242329275606,2.465054170368196
1.8532986840630004,2.404794336562399
1.6313827084293409,2.282392335108403
1.4383258174060183,1.7383823428949259

4.572287944850844,7.560354334863822
4.555359710777654,7.009186564584506
4.495458590819046,6.517989512813764
4.4331586458510435,5.7772821571516815
4.427060302759111,5.177082349340789
4.387149586334685,4.553488947372069
4.386488841851792,3.953906671326222
4.359810540225138,3.3220588413381247
4.437625311086312,2.8908657592708353
4.442208675360287,2.1846561308632255
4.400696035709986,1.806617699687394
4.324461752422543,1.6631148343826685
3.606560817188387,1.4505506533216574

4.572287944850844,7.560354334863822
4.665232806765884,7.051909999223261
4.701629303162759,6.410113494868976
4.706964253599673,5.94430294692793
4.703731890168119,5.144309477062928
4.66387082789147,4.345303159369395
4.6871324346883885,3.6824637709541372
4.667573994682201,2.882702889549874
4.6545701732064035,2.160786542048017
4.602357642728396,1.739172426544373

4.572287944850844,7.560354334863822
4.716048165044241,7.108952448495187
4.939160810020177,6.415618835908229
5.002191412522052,5.809978772245364
5.158633610968509,5.148340590355718
5.253862080319109,4.822089333024204
5.351845615157223,4.112192434024459
5.411178022195689,3.5023745723182245
5.474455431485094,2.8799080352045854
5.545689670890901,2.091573680954208
5.544002666743722,1.6452612586551094
5.736930984642325,1.596465534834305
6.473181479423291,1.560878103950186

4.572287944850844,7.560354334863822
4.665232806765884,7.051909999223261
4.701629303162759,6.410113494868976
4.706964253599673,5.94430294692793
4.703731890168119,5.144309477062928
4.631918979072875,4.491483248310802
4.35011324426865,3.750527911229162
3.9640305202183104,3.3298143113419716
3.3464028779119004,3.290659746587867
2.7539073865132733,3.21874723453617
2.425051146511717,3.130989822491494
1.7034510025888183,3.0217350858792873

4.572287944850844,7.560354334863822
4.665232806765884,7.051909999223261
4.701629303162759,6.410113494868976
4.706964253599673,5.94430294692793
4.703731890168119,5.144309477062928
4.631918979072875,4.491483248310802
4.35011324426865,3.750527911229162
3.9640305202183104,3.3298143113419716
3.718913709872977,3.050992253675853

4.572287944850844,7.560354334863822
4.665232806765884,7.051909999223261
4.701629303162759,6.410113494868976
4.706964253599673,5.94430294692793
4.703731890168119,5.144309477062928
4.66387082789147,4.345303159369395
4.6822626501200455,3.6930688729482997

4.572287944850844,7.560354334863822
4.716048165044241,7.108952448495187
4.939160810020177,6.415618835908229
5.002191412522052,5.809978772245364
5.158633610968509,5.148340590355718
5.253862080319109,4.822089333024204
5.351845615157223,4.112192434024459
5.411178022195689,3.5023745723182245
5.474455431485094,2.8799080352045854
5.545689670890901,2.091573680954208
5.544002666743722,1.6452612586551094
5.842908113354622,1.5084030037465037
6.4677382549874425,1.7021017646528462
6.5781434715793585,2.3539625762497196

4.572287944850844,7.560354334863822
4.138501478409377,7.357265081715488
3.4789658373994,7.045298899268972
2.719051126183062,6.868096494228487
1.9804938458605092,6.56063406777193
1.3803767580156223,6.031616600313082
1.5260110212503912,5.636619018825303

4.572287944850844,7.560354334863822
4.138501478409377,7.357265081715488
3.4789658373994,7.045298899268972
2.719051126183062,6.868096494228487
1.9804938458605092,6.56063406777193
1.3803767580156223,6.031616600313082
1.855738225176431,5.445229169316183
2.337218018573438,5.155265004461779

4.572287944850844,7.560354334863822
4.716048165044241,7.108952448495187
5.009558280337077,6.432049164525311
5.2845141730945056,5.7227177527230815

4.572287944850844,7.560354334863822
4.982352166799746,7.037494499023957
5.299138689842183,6.360976385930903
5.653767309404158,5.643872110258552
6.304369800135559,5.56432399915096

4.572287944850844,7.560354334863822
4.263759949842145,7.583212398624972
3.571604250685686,7.532835111935395
2.830477144781767,7.513767057788922
2.2794503985245886,7.536490988701729
1.745654519882013,7.61862430761607

4.572287944850844,7.560354334863822
4.263759949842145,7.583212398624972
3.629695663833427,7.478415129908372

4.572287944850844,7.560354334863822
4.982352166799746,7.037494499023957
5.299138689842183,6.360976385930903
5.653767309404158,5.643872110258552
6.304369800135559,5.56432399915096
6.613564361998796,6.302157803550163

5.480642416321209,7.599141089254316
5.290147279000368,7.117218293702894
5.181853713056826,6.638006606134426
5.014213036032002,6.128262450752327
4.889390367628635,5.727835496126351
4.681218011761785,5.074984096809275
4.541719813575288,4.347699205751182
4.342962387264598,3.5727827680068587
4.060922113943331,3.451938903335712
3.494433962471663,3.2276176187532797
3.0325264383164012,3.0365861143714703
2.6076738093462897,2.7599352352625823
2.3066831952584366,2.5858547363965405
1.5541321760389901,2.3144381498146367
1.619899775412963,1.7331412157520196

5.480642416321209,7.599141089254316
5.460874297362338,6.799385363127377
5.264909380594867,6.0461626049501795
5.1723436650962045,5.45491398795762
5.080587892413686,4.884306348079245
4.998882014973564,4.321332291101126
4.895541035132266,3.801602678674795
4.828325592047552,3.112122953788567
4.735295610640637,2.6965602305490486
4.592720895495795,1.9435675587958827
4.081302758016349,1.4765684609751117
3.6369168440842037,1.3645618396738803

5.480642416321209,7.599141089254316
5.460874297362338,6.799385363127377
5.4952734926338485,6.000125270688956
5.484191586744678,5.640855533168921
5.464522194324545,4.88317410624104
5.510828688887246,4.084515412829822
5.558668494448998,3.70375412071548
5.564138282574934,2.987526030912714
5.524934877256918,2.2754405923295877
5.516604698937513,1.6936390916414688

5.480642416321209,7.599141089254316
5.460874297362338,6.799385363127377
5.4952734926338485,6.000125270688956
5.484191586744678,5.640855533168921
5.464522194324545,4.88317410624104
5.510828688887246,4.084515412829822
5.558668494448998,3.70375412071548
5.564138282574934,2.987526030912714
5.524934877256918,2.2754405923295877
5.582301001909273,1.783503538160504
6.104715389607001,1.3868252639999266
6.289572391164127,1.1894703425655582

5.480642416321209,7.599141089254316
5.290147279000368,7.117218293702894
5.181853713056826,6.638006606134426
5.014213036032002,6.128262450752327
4.889390367628635,5.727835496126351
4.681218011761785,5.074984096809275
4.541719813575288,4.347699205751182
4.342962387264598,3.5727827680068587
4.168783528999572,3.54301814096957
3.4083464694344654,3.494591988477479
2.7372906430000086,3.4780890061884553
2.377948841565129,3.41879255083973
1.6377259487006017,3.363894900815261

5.480642416321209,7.599141089254316
5.290147279000368,7.117218293702894
5.181853713056826,6.638006606134426
5.014213036032002,6.128262450752327
4.889390367628635,5.727835496126351
4.681218011761785,5.074984096809275
4.541719813575288,4.347699205751182
4.342962387264598,3.5727827680068587
3.5429625112615444,3.5723373523600657

5.480642416321209,7.599141089254316
5.460874297362338,6.799385363127377
5.4952734926338485,6.000125270688956
5.484191586744678,5.640855533168921
5.464522194324545,4.88317410624104
5.510828688887246,4.084515412829822
5.558668494448998,3.70375412071548

5.480642416321209,7.599141089254316
5.460874297362338,6.799385363127377
5.4952734926338485,6.000125270688956
5.484191586744678,5.640855533168921
5.464522194324545,4.88317410624104
5.510828688887246,4.084515412829822
5.558668494448998,3.70375412071548
5.564138282574934,2.987526030912714
5.524934877256918,2.2754405923295877
5.642420840801281,1.6492033052795603
6.1595873620688,1.41390379625177
6.594983063713101,2.0376490475273186
6.582692797944925,2.366468762673498

5.480642416321209,7.599141089254316
5.27842128523735,7.544106370904199
4.610860551741617,7.375580188328817
4.196707053509605,7.267862878988932
3.482876478572365,6.977079906405384
2.7754182095133277,6.820265950507203
2.1733305696901093,6.7731485791442125
1.7350173011987682,6.51074393731095
1.4762519765263966,5.753749547142039
1.3732599538604844,5.710788347617465

5.480642416321209,7.599141089254316
5.27842128523735,7.544106370904199
4.610860551741617,7.375580188328817
4.196707053509605,7.267862878988932
3.482876478572365,6.977079906405384
2.7754182095133277,6.820265950507203
2.1733305696901093,6.7731485791442125
1.5124305472207171,6.322359093574776
1.6329659035288477,5.655626731169296
2.340074812112815,5.5120086626883475

5.480642416321209,7.599141089254316
5.460874297362338,6.799385363127377
5.4952734926338485,6.000125270688956
5.586798821370467,5.703626808804611

5.480642416321209,7.599141089254316
5.460874297362338,6.799385363127377
5.4952734926338485,6.000125270688956
5.625250651627073,5.715529099424676
6.184645493362493,5.4358132361591744
6.270532892065763,5.455207559633736

5.480642416321209,7.599141089254316
4.9969113131809495,7.543213604590635
4.381501288749922,7.478552594961163
3.830248114775382,7.460800943078188
3.1643184762843006,7.380104351967877
2.4713464000768486,7.329775337463984
1.7464064104128725,7.310662863322399

5.480642416321209,7.599141089254316
5.27842128523735,7.544106370904199
4.610860551741617,7.375580188328817
4.196707053509605,7.267862878988932
3.7260708909874913,7.184092791534401

5.480642416321209,7.599141089254316
5.460874297362338,6.799385363127377
5.4952734926338485,6.000125270688956
5.6935579429461045,5.608461249470729
6.39028789163553,5.615981297842755
6.796012462754896,6.274077115984207

