1.0523528875907853,0.7584937909327754
1.324216191600773,1.4793365926719713
1.51291231137191,1.984264989335928
1.551314825637954,2.25418551699654
1.927852748847671,2.460624374753451
2.3033085838512752,2.447066660361959
3.0578452052015357,2.4703835842821715
3.8397982412976392,2.4929687754074137
4.421917961324214,2.3421184001628133
4.47266510262236,1.760802270504004
4.186743233773975,1.560349866486424
3.6845811707595244,1.4512366124892682

1.0523528875907853,0.7584937909327754
1.324216191600773,1.4793365926719713
1.51291231137191,1.984264989335928
1.551314825637954,2.25418551699654
1.927852748847671,2.460624374753451
2.3033085838512752,2.447066660361959
3.0578452052015357,2.4703835842821715
3.8397982412976392,2.4929687754074137
4.421917961324214,2.3421184001628133
4.512186708969597,1.7036246568568765

1.0523528875907853,0.7584937909327754
1.324216191600773,1.4793365926719713
1.51291231137191,1.984264989335928
1.551314825637954,2.25418551699654
1.927852748847671,2.460624374753451
2.3033085838512752,2.447066660361959
3.0578452052015357,2.4703835842821715
3.8397982412976392,2.4929687754074137
4.421917961324214,2.3421184001628133
4.750153151706145,2.1863779069797586
5.186158507280622,1.9111815858854349
5.839320764382006,1.5931488410923909
6.343353479367271,1.4618347759647037

1.0523528875907853,0.7584937909327754
0.9946805918038351,1.523917391301908
0.9855108262736393,2.2658778131131303

1.0523528875907853,0.7584937909327754
1.324216191600773,1.4793365926719713
1.51291231137191,1.984264989335928
1.551314825637954,2.25418551699654
1.927852748847671,2.460624374753451
2.279903642134219,2.536700986157504

1.0523528875907853,0.7584937909327754
1.324216191600773,1.4793365926719713
1.51291231137191,1.984264989335928
1.551314825637954,2.25418551699654
1.927852748847671,2.460624374753451
2.3033085838512752,2.447066660361959
3.0578452052015357,2.4703835842821715
3.8397982412976392,2.4929687754074137
4.3186196646222115,2.493794996902452

1.0523528875907853,0.7584937909327754
1.324216191600773,1.4793365926719713
1.51291231137191,1.984264989335928
1.551314825637954,2.25418551699654
1.927852748847671,2.460624374753451
2.3033085838512752,2.447066660361959
3.0578452052015357,2.4703835842821715
3.8397982412976392,2.4929687754074137
4.421917961324214,2.3421184001628133
4.750153151706145,2.1863779069797586
5.186158507280622,1.9111815858854349
5.839320764382006,1.5931488410923909
6.2474364452004485,1.5326378062005195
6.568685622921265,2.2653034637918243

1.0523528875907853,0.7584937909327754
1.324216191600773,1.4793365926719713
1.51291231137191,1.984264989335928
1.551314825637954,2.25418551699654
1.927852748847671,2.460624374753451
2.242006299260315,2.679757518827969
2.8550952606697053,3.061487368049992
3.5131145811479865,3.223227487228934
4.136094497056075,3.4490922209966257
4.395444943490748,3.820543761956151
4.495188110340195,4.0385538134261045
4.674393190133254,4.62969764197229
4.668049636009247,5.42967249115261
4.5869827208116325,6.131309958262081
4.10853700650771,6.44023776373454
3.4240257829743093,6.471657869158816
3.085341255028951,6.45570860332167
2.325601525410033,6.481752257133015
1.6034775540039328,6.414646762647476
1.4680621843621462,5.71620294209792

1.0523528875907853,0.7584937909327754
1.324216191600773,1.4793365926719713
1.51291231137191,1.984264989335928
1.551314825637954,2.25418551699654
1.927852748847671,2.460624374753451
2.242006299260315,2.679757518827969
2.8550952606697053,3.061487368049992
3.5131145811479865,3.223227487228934
4.136094497056075,3.4490922209966257
4.395444943490748,3.820543761956151
4.495188110340195,4.0385538134261045
4.674393190133254,4.62969764197229
4.668049636009247,5.42967249115261
4.5869827208116325,6.131309958262081
4.10853700650771,6.44023776373454
3.4240257829743093,6.471657869158816
3.085341255028951,6.45570860332167
2.325601525410033,6.481752257133015
1.6034775540039328,6.414646762647476
1.4680621843621462,5.71620294209792
1.927756253159785,5.315533911060311
2.2756147809624934,5.05620015033507

1.0523528875907853,0.7584937909327754
1.324216191600773,1.4793365926719713
1.51291231137191,1.984264989335928
1.551314825637954,2.25418551699654
1.927852748847671,2.460624374753451
2.242006299260315,2.679757518827969
2.8550952606697053,3.061487368049992
3.242143666996845,3.2249631268685293
3.714573975042778,3.450498229008413
4.076872331659091,3.5472114570509903
4.462202700887513,3.767524551250708
5.004784995817491,4.338911103356478

1.0523528875907853,0.7584937909327754
1.324216191600773,1.4793365926719713
1.51291231137191,1.984264989335928
1.551314825637954,2.25418551699654
1.927852748847671,2.460624374753451
2.242006299260315,2.679757518827969
2.8550952606697053,3.061487368049992
3.242143666996845,3.2249631268685293
3.714573975042778,3.450498229008413
4.076872331659091,3.5472114570509903
4.462202700887513,3.767524551250708
5.100136934664741,4.113736854613255
5.344529642711057,4.228846697064928
5.980200219088798,4.482083967796308
6.285058133515942,4.613643446884206

1.0523528875907853,0.7584937909327754
1.324216191600773,1.4793365926719713
1.51291231137191,1.984264989335928
1.551314825637954,2.25418551699654
1.927852748847671,2.460624374753451
2.242006299260315,2.679757518827969
2.8550952606697053,3.061487368049992
3.5131145811479865,3.223227487228934
4.136094497056075,3.4490922209966257
4.395444943490748,3.820543761956151
4.495188110340195,4.0385538134261045
4.674393190133254,4.62969764197229
4.5168075155617435,5.349225579349293
4.452642503279993,6.146648209576754
4.292439811119662,6.480352326509619
3.849730063053934,6.568994766341273
3.0739795979167566,6.764471659705816
2.2909389713847323,6.89686176035398
1.7429779605024982,6.95232297821076

1.0523528875907853,0.7584937909327754
1.324216191600773,1.4793365926719713
1.51291231137191,1.984264989335928
1.551314825637954,2.25418551699654
1.927852748847671,2.460624374753451
2.242006299260315,2.679757518827969
2.8550952606697053,3.061487368049992
3.5131145811479865,3.223227487228934
4.136094497056075,3.4490922209966257
4.395444943490748,3.820543761956151
4.495188110340195,4.0385538134261045
4.674393190133254,4.62969764197229
4.668049636009247,5.42967249115261
4.5869827208116325,6.131309958262081
4.10853700650771,6.44023776373454
3.7366556111714906,6.479498177006711

1.0523528875907853,0.7584937909327754
1.324216191600773,1.4793365926719713
1.51291231137191,1.984264989335928
1.551314825637954,2.25418551699654
1.927852748847671,2.460624374753451
2.242006299260315,2.679757518827969
2.8550952606697053,3.061487368049992
3.5131145811479865,3.223227487228934
4.136094497056075,3.4490922209966257
4.395444943490748,3.820543761956151
4.495188110340195,4.0385538134261045
4.674393190133254,4.62969764197229
4.760217040134067,5.408137610953416
4.795018758201829,6.029454603671991
4.856109696893982,6.254887963198568

1.0523528875907853,0.7584937909327754
1.324216191600773,1.4793365926719713
1.51291231137191,1.984264989335928
1.551314825637954,2.25418551699654
1.927852748847671,2.460624374753451
2.242006299260315,2.679757518827969
2.8550952606697053,3.061487368049992
3.242143666996845,3.2249631268685293
3.714573975042778,3.450498229008413
4.076872331659091,3.5472114570509903
4.462202700887513,3.767524551250708
5.004784995817491,4.338911103356478
5.411212981745727,4.858399146302142
6.025842440860268,5.370483736959358
6.230456884701843,5.534632133253496
6.5974576185368505,6.072506853104298
6.689621893096893,6.311205387090992

1.290161260539999,0.8092814147159355
1.5321952353093133,1.5465259036776762
1.4850687306342574,1.9005644921914535
1.693845340026495,2.323860884079364
2.257111980020107,2.6794688578262433
2.6633880110897206,2.649701267531001
3.2750658491797577,2.6136997128932267
3.9798296863590434,2.4973014026067077
4.644290195523444,2.1336399869935847
4.560774245586337,1.851822840335529
3.946525461864104,1.3392816891137396
3.6913173506015817,1.1703112686648998

1.290161260539999,0.8092814147159355
1.5321952353093133,1.5465259036776762
1.4850687306342574,1.9005644921914535
1.693845340026495,2.323860884079364
2.257111980020107,2.6794688578262433
2.6633880110897206,2.649701267531001
3.2750658491797577,2.6136997128932267
3.9798296863590434,2.4973014026067077
4.644290195523444,2.1336399869935847
4.697813101457023,1.580793494026798

1.290161260539999,0.8092814147159355
1.5321952353093133,1.5465259036776762
1.4850687306342574,1.9005644921914535
1.693845340026495,2.323860884079364
2.257111980020107,2.6794688578262433
2.6633880110897206,2.649701267531001
3.2750658491797577,2.6136997128932267
3.9798296863590434,2.4973014026067077
4.644290195523444,2.1336399869935847
5.093465520318277,1.8870400306995112
5.632804193350935,1.5938306934305981
6.292359039323168,1.4645474482085867

1.290161260539999,0.8092814147159355
1.0705700810752934,1.3523455759522474
1.040703512181493,1.595625244890342
0.9395943569807794,2.2522700379258103

1.290161260539999,0.8092814147159355
1.5321952353093133,1.5465259036776762
1.4850687306342574,1.9005644921914535
1.693845340026495,2.323860884079364
2.257111980020107,2.6794688578262433

1.290161260539999,0.8092814147159355
1.5321952353093133,1.5465259036776762
1.4850687306342574,1.9005644921914535
1.693845340026495,2.323860884079364
2.257111980020107,2.6794688578262433
2.9444618163040226,2.884027048017858
3.3473534222958343,3.0646606827436846
3.890607161448162,3.1924107288256898
4.251000850544185,3.249940891149845

1.290161260539999,0.8092814147159355
1.5321952353093133,1.5465259036776762
1.4850687306342574,1.9005644921914535
1.693845340026495,2.323860884079364
2.257111980020107,2.6794688578262433
2.6633880110897206,2.649701267531001
3.2750658491797577,2.6136997128932267
3.9798296863590434,2.4973014026067077
4.644290195523444,2.1336399869935847
5.093465520318277,1.8870400306995112
5.632804193350935,1.5938306934305981
6.0491026721415,1.5078551617713107
6.476446342244634,1.7161928101675068
6.688703967233798,2.2537741329396623

1.290161260539999,0.8092814147159355
1.5321952353093133,1.5465259036776762
1.4850687306342574,1.9005644921914535
1.693845340026495,2.323860884079364
2.257111980020107,2.6794688578262433
2.9444618163040226,2.884027048017858
3.3473534222958343,3.0646606827436846
3.890607161448162,3.1924107288256898
4.292323487094255,3.560396348006034
4.513658775995833,3.860234311174335
4.57266208637735,4.54920974394246
4.610177949873064,5.216757278969238
4.694892735916532,5.872211090141888
4.27897067188748,6.420866196194752
3.505406625429604,6.622692395478127
2.8283413396295396,6.616767161406435
2.195163633001242,6.510038488309191
1.5420246991618893,6.275823722452039
1.271105737169703,5.721931619086214

1.290161260539999,0.8092814147159355
1.5321952353093133,1.5465259036776762
1.4850687306342574,1.9005644921914535
1.693845340026495,2.323860884079364
2.257111980020107,2.6794688578262433
2.9444618163040226,2.884027048017858
3.3473534222958343,3.0646606827436846
3.890607161448162,3.1924107288256898
4.292323487094255,3.560396348006034
4.513658775995833,3.860234311174335
4.57266208637735,4.54920974394246
4.610177949873064,5.216757278969238
4.694892735916532,5.872211090141888
4.27897067188748,6.420866196194752
3.505406625429604,6.622692395478127
2.8283413396295396,6.616767161406435
2.195163633001242,6.510038488309191
1.5420246991618893,6.275823722452039
1.6017659799040112,5.6280449768158105
2.347483617077227,5.409677001118064

1.290161260539999,0.8092814147159355
1.5321952353093133,1.5465259036776762
1.4850687306342574,1.9005644921914535
1.693845340026495,2.323860884079364
2.257111980020107,2.6794688578262433
2.6271574107800126,2.8747848534218585
3.3655689819850125,3.1274832826639756
4.016215903400575,3.5929492681585673
4.505058566986737,3.707906925864229
5.0052415240526695,4.332260198828165

1.290161260539999,0.8092814147159355
1.5321952353093133,1.5465259036776762
1.4850687306342574,1.9005644921914535
1.693845340026495,2.323860884079364
2.257111980020107,2.6794688578262433
2.6271574107800126,2.8747848534218585
3.3655689819850125,3.1274832826639756
4.016215903400575,3.5929492681585673
4.505058566986737,3.707906925864229
4.979884072299147,3.9240550067521363
5.553035385267632,4.207054356321383
6.073162766107389,4.567731223351143
6.343075079382848,4.611864331111638

1.290161260539999,0.8092814147159355
1.5321952353093133,1.5465259036776762
1.4850687306342574,1.9005644921914535
1.693845340026495,2.323860884079364
2.257111980020107,2.6794688578262433
2.9444618163040226,2.884027048017858
3.3473534222958343,3.0646606827436846
3.890607161448162,3.1924107288256898
4.292323487094255,3.560396348006034
4.513658775995833,3.860234311174335
4.57266208637735,4.54920974394246
4.610177949873064,5.216757278969238
4.694892735916532,5.872211090141888
4.27897067188748,6.420866196194752
3.505406625429604,6.622692395478127
2.8283413396295396,6.616767161406435
2.195163633001242,6.510038488309191
1.6549901061338061,6.410868370984552

1.290161260539999,0.8092814147159355
1.5321952353093133,1.5465259036776762
1.4850687306342574,1.9005644921914535
1.693845340026495,2.323860884079364
2.257111980020107,2.6794688578262433
2.9444618163040226,2.884027048017858
3.3473534222958343,3.0646606827436846
3.890607161448162,3.1924107288256898
4.292323487094255,3.560396348006034
4.513658775995833,3.860234311174335
4.57266208637735,4.54920974394246
4.610177949873064,5.216757278969238
4.694892735916532,5.872211090141888
4.27897067188748,6.420866196194752
3.606666252618266,6.6233561756788095

1.290161260539999,0.8092814147159355
1.5321952353093133,1.5465259036776762
1.4850687306342574,1.9005644921914535
1.693845340026495,2.323860884079364
2.257111980020107,2.6794688578262433
2.9444618163040226,2.884027048017858
3.3473534222958343,3.0646606827436846
3.890607161448162,3.1924107288256898
4.292323487094255,3.560396348006034
4.513658775995833,3.860234311174335
4.57266208637735,4.54920974394246
4.610177949873064,5.216757278969238
4.694892735916532,5.872211090141888
4.669690235440435,6.2504849742911555

1.290161260539999,0.8092814147159355
1.5321952353093133,1.5465259036776762
1.4850687306342574,1.9005644921914535
1.693845340026495,2.323860884079364
2.257111980020107,2.6794688578262433
2.6271574107800126,2.8747848534218585
3.3655689819850125,3.1274832826639756
4.016215903400575,3.5929492681585673
4.505058566986737,3.707906925864229
4.920247255193846,4.186035515471433
5.454487129507222,4.775089636575891
5.8902227221949675,4.951190524003333
6.409984577884466,5.42622217863861
6.385416217801178,6.089908700149898
6.428500114533164,6.312201054720357

0.8879130214701891,0.5838274883938508
1.132564085587362,1.1142006009948353
1.4030271489721757,1.8082387546461418
1.6082400316047933,2.3608236229653534
2.405654212602272,2.425093553291445
2.5653776526370553,2.431614351457302
3.3120687799378703,2.4260311732822224
4.111876943334475,2.4085125613466425
4.352377370500572,2.30296112698311
4.392648338213626,2.1518869100061253
4.467704476407195,1.3554155821358322
3.9122938964628777,1.1149446573557231
3.577711601797484,0.951861288780298

0.8879130214701891,0.5838274883938508
1.132564085587362,1.1142006009948353
1.4030271489721757,1.8082387546461418
1.6082400316047933,2.3608236229653534
2.405654212602272,2.425093553291445
2.5653776526370553,2.431614351457302
3.3120687799378703,2.4260311732822224
4.111876943334475,2.4085125613466425
4.352377370500572,2.30296112698311
4.643998518271569,1.7354206090657225

0.8879130214701891,0.5838274883938508
1.132564085587362,1.1142006009948353
1.4030271489721757,1.8082387546461418
1.6082400316047933,2.3608236229653534
2.405654212602272,2.425093553291445
2.5653776526370553,2.431614351457302
3.3120687799378703,2.4260311732822224
4.111876943334475,2.4085125613466425
4.352377370500572,2.30296112698311
4.855571226460476,1.9561435778211866
5.555923863010474,1.5694832818539561
5.957989465123234,1.4136198588575366
6.443843639281116,1.1823139015464128

0.8879130214701891,0.5838274883938508
1.039032479951979,1.2919473777200954
1.0678202344985077,1.5817132564562226
1.1580422470092706,2.2705942370021415

0.8879130214701891,0.5838274883938508
1.132564085587362,1.1142006009948353
1.4030271489721757,1.8082387546461418
1.755114752586964,2.4763678106545512
2.279493218258668,2.386883377712506

0.8879130214701891,0.5838274883938508
1.132564085587362,1.1142006009948353
1.4030271489721757,1.8082387546461418
1.6082400316047933,2.3608236229653534
2.405654212602272,2.425093553291445
2.5653776526370553,2.431614351457302
3.3120687799378703,2.4260311732822224
3.7272735014680505,2.4632245451123347
4.281234814042697,2.4947062541889498

0.8879130214701891,0.5838274883938508
1.132564085587362,1.1142006009948353
1.4030271489721757,1.8082387546461418
1.6082400316047933,2.3608236229653534
2.405654212602272,2.425093553291445
2.5653776526370553,2.431614351457302
3.3120687799378703,2.4260311732822224
4.111876943334475,2.4085125613466425
4.352377370500572,2.30296112698311
4.855571226460476,1.9561435778211866
5.555923863010474,1.5694832818539561
6.175831933100932,1.5666042973824674
6.631664976016604,2.010940271612534
6.638006127636918,2.3051199723001567

0.8879130214701891,0.5838274883938508
1.132564085587362,1.1142006009948353
1.4030271489721757,1.8082387546461418
1.755114752586964,2.4763678106545512
1.8992834334256303,2.6755738305547077
2.4711952102695225,2.9667580873202772
3.0307791005835285,3.181095703606248
3.6856558573954596,3.4438493008509696
4.2548744558495475,3.512641734095736
4.431775018678776,3.869677918123375
4.4223398185480365,4.6224557536224715
4.4490931765575885,5.187959339199456
4.420971475773582,5.818987163513394
4.4374079756728495,6.241841690569357
4.103572757699612,6.433425609111265
3.754645048724892,6.482522013389172
3.081902544578442,6.521079196743333
2.37831058010981,6.527655747295957
1.6826966000491879,6.372674707087651
1.3832037241747728,5.687380677114762

0.8879130214701891,0.5838274883938508
1.132564085587362,1.1142006009948353
1.4030271489721757,1.8082387546461418
1.755114752586964,2.4763678106545512
1.8992834334256303,2.6755738305547077
2.4711952102695225,2.9667580873202772
3.0307791005835285,3.181095703606248
3.6856558573954596,3.4438493008509696
4.2548744558495475,3.512641734095736
4.431775018678776,3.869677918123375
4.4223398185480365,4.6224557536224715
4.4490931765575885,5.187959339199456
4.420971475773582,5.818987163513394
4.4374079756728495,6.241841690569357
4.103572757699612,6.433425609111265
3.754645048724892,6.482522013389172
3.081902544578442,6.521079196743333
2.37831058010981,6.527655747295957
1.6826966000491879,6.372674707087651
1.4975113150426402,6.01997774288155
1.6291105688990926,5.654615758334269
2.338879588842744,5.301088234348889

0.8879130214701891,0.5838274883938508
1.132564085587362,1.1142006009948353
1.4030271489721757,1.8082387546461418
1.755114752586964,2.4763678106545512
1.8992834334256303,2.6755738305547077
2.4711952102695225,2.9667580873202772
3.0307791005835285,3.181095703606248
3.6856558573954596,3.4438493008509696
4.2548744558495475,3.512641734095736
4.431775018678776,3.869677918123375
4.741444306319837,4.306193387629062

0.8879130214701891,0.5838274883938508
1.132564085587362,1.1142006009948353
1.4030271489721757,1.8082387546461418
1.755114752586964,2.4763678106545512
1.8992834334256303,2.6755738305547077
2.4711952102695225,2.9667580873202772
3.0307791005835285,3.181095703606248
3.6856558573954596,3.4438493008509696
4.2548744558495475,3.512641734095736
4.772531639256003,3.846568476538506
5.412814262556628,4.170812704066571
5.953534032305862,4.520613713871686
6.420465337950774,4.658377485817633

0.8879130214701891,0.5838274883938508
1.132564085587362,1.1142006009948353
1.4030271489721757,1.8082387546461418
1.755114752586964,2.4763678106545512
1.8992834334256303,2.6755738305547077
2.4711952102695225,2.9667580873202772
3.0307791005835285,3.181095703606248
3.6856558573954596,3.4438493008509696
4.2548744558495475,3.512641734095736
4.431775018678776,3.869677918123375
4.4223398185480365,4.6224557536224715
4.4490931765575885,5.187959339199456
4.420971475773582,5.818987163513394
4.4374079756728495,6.241841690569357
4.103572757699612,6.433425609111265
3.754645048724892,6.482522013389172
3.081902544578442,6.521079196743333
2.37831058010981,6.527655747295957
1.6826966000491879,6.372674707087651

0.8879130214701891,0.5838274883938508
1.132564085587362,1.1142006009948353
1.4030271489721757,1.8082387546461418
1.755114752586964,2.4763678106545512
1.8992834334256303,2.6755738305547077
2.4711952102695225,2.9667580873202772
3.0307791005835285,3.181095703606248
3.6856558573954596,3.4438493008509696
4.2548744558495475,3.512641734095736
4.431775018678776,3.869677918123375
4.4223398185480365,4.6224557536224715
4.4490931765575885,5.187959339199456
4.420971475773582,5.818987163513394
4.4374079756728495,6.241841690569357
4.103572757699612,6.433425609111265
3.6256514858825892,6.559508458598491

0.8879130214701891,0.5838274883938508
1.132564085587362,1.1142006009948353
1.4030271489721757,1.8082387546461418
1.755114752586964,2.4763678106545512
1.8992834334256303,2.6755738305547077
2.4711952102695225,2.9667580873202772
3.0307791005835285,3.181095703606248
3.6856558573954596,3.4438493008509696
4.2548744558495475,3.512641734095736
4.499684197558337,4.091411026000651
4.501504317756984,4.835893264094661
4.599959607845671,5.613020068665794
4.762879070401474,6.2522765826847335

0.8879130214701891,0.5838274883938508
1.132564085587362,1.1142006009948353
1.4030271489721757,1.8082387546461418
1.755114752586964,2.4763678106545512
1.8992834334256303,2.6755738305547077
2.4711952102695225,2.9667580873202772
3.0307791005835285,3.181095703606248
3.6856558573954596,3.4438493008509696
4.2548744558495475,3.512641734095736
4.605797934443897,3.8792620700039397
5.155819231558361,4.460189408593305
5.640981177311083,5.018549256122235
6.083238273283514,5.49868380892186
6.4302809332427575,5.801779961297154
6.621561657478943,6.416153441383992

0.8882697027444693,0.940608293702951
1.1632134337523095,1.2554735523450702
1.468197894910915,1.976033068260893
1.6443688642354632,2.377390465604262
2.243957082808853,2.3799752839326973
2.8316310722939066,2.5117765480152254
3.6304995556994615,2.4692424884710333
4.409716669172048,2.3755551858471087
4.4143099928100265,1.7452474911979143
3.7251530599561624,1.3591736572305155

0.8882697027444693,0.940608293702951
1.1632134337523095,1.2554735523450702
1.468197894910915,1.976033068260893
1.6443688642354632,2.377390465604262
2.243957082808853,2.3799752839326973
2.8316310722939066,2.5117765480152254
3.6304995556994615,2.4692424884710333
4.409716669172048,2.3755551858471087
4.4143099928100265,1.7452474911979143

0.8882697027444693,0.940608293702951
1.1632134337523095,1.2554735523450702
1.468197894910915,1.976033068260893
1.6443688642354632,2.377390465604262
2.243957082808853,2.3799752839326973
2.8316310722939066,2.5117765480152254
3.6304995556994615,2.4692424884710333
4.409716669172048,2.3755551858471087
4.890027590107156,2.0833298656384858
5.564555239257489,1.6531991290807204
5.873010923107661,1.4748645124150441
6.280208050502358,1.2308220652212896

0.8882697027444693,0.940608293702951
0.7921271776296931,1.051575387608816
0.6082711198493804,1.8268664451967864
0.43319273058946917,2.267556453658237

0.8882697027444693,0.940608293702951
1.1632134337523095,1.2554735523450702
1.468197894910915,1.976033068260893
1.6443688642354632,2.377390465604262
2.290292583899796,2.747535502184215

0.8882697027444693,0.940608293702951
1.1632134337523095,1.2554735523450702
1.468197894910915,1.976033068260893
1.6443688642354632,2.377390465604262
2.243957082808853,2.3799752839326973
2.8316310722939066,2.5117765480152254
3.6304995556994615,2.4692424884710333
4.256077785548822,2.542028078325955

0.8882697027444693,0.940608293702951
1.1632134337523095,1.2554735523450702
1.468197894910915,1.976033068260893
1.6443688642354632,2.377390465604262
2.243957082808853,2.3799752839326973
2.8316310722939066,2.5117765480152254
3.6304995556994615,2.4692424884710333
4.409716669172048,2.3755551858471087
4.890027590107156,2.0833298656384858
5.564555239257489,1.6531991290807204
6.141940717630649,1.558581999853414
6.647470655497855,1.9505811808086715
6.927833529631448,2.2610799178243135

0.8882697027444693,0.940608293702951
1.1632134337523095,1.2554735523450702
1.468197894910915,1.976033068260893
1.6443688642354632,2.377390465604262
2.290292583899796,2.747535502184215
2.501027736360578,2.861102224981343
3.117518669129852,3.2409367626158936
3.8131147134929115,3.459644034504038
4.319795617075975,3.685764823411676
4.6193668809177755,4.380020102214168
4.56837223885964,4.674808954319659
4.539763336926675,5.191983884328427
4.501954426631023,5.868248056651763
4.37193933913967,6.433966068713649
4.111889890526119,6.43588438680718
3.394761053864474,6.547122436312685
2.6381115651071907,6.471621021384868
2.4833845008247493,6.461018252500099
1.6904153938106439,6.355188222162523
1.612529906044819,6.273089813227211
1.6318364821635853,5.662276561144595

0.8882697027444693,0.940608293702951
1.1632134337523095,1.2554735523450702
1.468197894910915,1.976033068260893
1.6443688642354632,2.377390465604262
2.290292583899796,2.747535502184215
2.501027736360578,2.861102224981343
3.117518669129852,3.2409367626158936
3.8131147134929115,3.459644034504038
4.319795617075975,3.685764823411676
4.6193668809177755,4.380020102214168
4.56837223885964,4.674808954319659
4.539763336926675,5.191983884328427
4.501954426631023,5.868248056651763
4.37193933913967,6.433966068713649
4.111889890526119,6.43588438680718
3.394761053864474,6.547122436312685
2.6381115651071907,6.471621021384868
2.4833845008247493,6.461018252500099
1.6904153938106439,6.355188222162523
1.612529906044819,6.273089813227211
1.6318364821635853,5.662276561144595
1.7093762748869639,5.6138644195790555
2.4196174920963234,5.366968318613106

0.8882697027444693,0.940608293702951
1.1632134337523095,1.2554735523450702
1.468197894910915,1.976033068260893
1.6443688642354632,2.377390465604262
2.290292583899796,2.747535502184215
2.501027736360578,2.861102224981343
3.117518669129852,3.2409367626158936
3.8131147134929115,3.459644034504038
4.319795617075975,3.685764823411676
4.6193668809177755,4.380020102214168

0.8882697027444693,0.940608293702951
1.1632134337523095,1.2554735523450702
1.468197894910915,1.976033068260893
1.6443688642354632,2.377390465604262
2.290292583899796,2.747535502184215
2.501027736360578,2.861102224981343
3.117518669129852,3.2409367626158936
3.8131147134929115,3.459644034504038
4.319795617075975,3.685764823411676
5.009774638821378,4.021414604526422
5.302797027772053,4.172559068436864
5.753440810580742,4.4545852536359885
6.2769538461996675,4.443073084191544

0.8882697027444693,0.940608293702951
1.1632134337523095,1.2554735523450702
1.468197894910915,1.976033068260893
1.6443688642354632,2.377390465604262
2.290292583899796,2.747535502184215
2.501027736360578,2.861102224981343
3.117518669129852,3.2409367626158936
3.8131147134929115,3.459644034504038
4.319795617075975,3.685764823411676
4.6193668809177755,4.380020102214168
4.56837223885964,4.674808954319659
4.539763336926675,5.191983884328427
4.501954426631023,5.868248056651763
4.37193933913967,6.433966068713649
4.111889890526119,6.43588438680718
3.394761053864474,6.547122436312685
2.6381115651071907,6.471621021384868
2.4833845008247493,6.461018252500099
1.6904153938106439,6.355188222162523

0.8882697027444693,0.940608293702951
1.1632134337523095,1.2554735523450702
1.468197894910915,1.976033068260893
1.6443688642354632,2.377390465604262
2.290292583899796,2.747535502184215
2.501027736360578,2.861102224981343
3.117518669129852,3.2409367626158936
3.8131147134929115,3.459644034504038
4.319795617075975,3.685764823411676
4.6193668809177755,4.380020102214168
4.56837223885964,4.674808954319659
4.539763336926675,5.191983884328427
4.501954426631023,5.868248056651763
4.37193933913967,6.433966068713649
3.6283625615476636,6.718689216308299

0.8882697027444693,0.940608293702951
1.1632134337523095,1.2554735523450702
1.468197894910915,1.976033068260893
1.6443688642354632,2.377390465604262
2.290292583899796,2.747535502184215
2.501027736360578,2.861102224981343
3.117518669129852,3.2409367626158936
3.8131147134929115,3.459644034504038
4.319795617075975,3.685764823411676
4.6193668809177755,4.380020102214168
4.722897521716529,4.991651424762581
4.892122791197357,5.689079746494992
5.0145473330497365,6.30381370514093

0.8882697027444693,0.940608293702951
1.1632134337523095,1.2554735523450702
1.468197894910915,1.976033068260893
1.6443688642354632,2.377390465604262
2.290292583899796,2.747535502184215
2.501027736360578,2.861102224981343
3.117518669129852,3.2409367626158936
3.8131147134929115,3.459644034504038
4.319795617075975,3.685764823411676
4.679733487096927,3.970169972514518
5.203337773178106,4.422496333798701
5.464442265227079,4.6914658265539515
5.987343506380604,5.240563045979384
6.377593773919592,5.65593561144664
6.415333453787232,6.373897604889133

0.30339329774788926,0.27148989127888457
0.49268695247893063,0.4408984890540453
0.9250143823035587,0.932625814958785
1.1950575543759308,1.4963758326115078
1.60719117478839,2.1820476775385975
1.7635084481543737,2.451196413720017
2.46705489041823,2.384142687734166
3.228774409200934,2.440041874377919
3.8967647790185023,2.415737848644172
4.4076328100250795,2.380650253071688
4.470047587312582,1.9001252904900192
4.131263867036548,1.425241807370213
3.7109233898284497,1.1537910157564009

0.30339329774788926,0.27148989127888457
0.49268695247893063,0.4408984890540453
0.9250143823035587,0.932625814958785
1.1950575543759308,1.4963758326115078
1.60719117478839,2.1820476775385975
1.7635084481543737,2.451196413720017
2.46705489041823,2.384142687734166
3.228774409200934,2.440041874377919
3.8967647790185023,2.415737848644172
4.4076328100250795,2.380650253071688
4.666024662956782,1.6906065006802093

0.30339329774788926,0.27148989127888457
0.49268695247893063,0.4408984890540453
0.9250143823035587,0.932625814958785
1.1950575543759308,1.4963758326115078
1.60719117478839,2.1820476775385975
1.7635084481543737,2.451196413720017
2.46705489041823,2.384142687734166
3.228774409200934,2.440041874377919
3.8967647790185023,2.415737848644172
4.4076328100250795,2.380650253071688
4.987577600049484,1.8295930504841986
5.604380463862666,1.3201284028472342
6.345760775502515,1.2549883165815523

0.30339329774788926,0.27148989127888457
0.28765674561796195,0.3972682007926346
0.43063153707168267,1.1843884006406407
0.44692763383799705,1.5670363713135755
0.36211194739775154,2.1135307807772623
0.2804165017719996,2.354161535840669

0.30339329774788926,0.27148989127888457
0.49268695247893063,0.4408984890540453
0.9250143823035587,0.932625814958785
1.1950575543759308,1.4963758326115078
1.60719117478839,2.1820476775385975
1.7635084481543737,2.451196413720017
2.264291164409173,2.5646253837929507

0.30339329774788926,0.27148989127888457
0.49268695247893063,0.4408984890540453
0.9250143823035587,0.932625814958785
1.1950575543759308,1.4963758326115078
1.60719117478839,2.1820476775385975
1.7635084481543737,2.451196413720017
2.3857173876076105,2.5501729603033896
2.575161065137719,2.548693273663627
3.3230339916101608,2.6738535555715326
3.5611489546493917,2.678338371344188
4.311734281821616,2.6292278145507337

0.30339329774788926,0.27148989127888457
0.49268695247893063,0.4408984890540453
0.9250143823035587,0.932625814958785
1.1950575543759308,1.4963758326115078
1.60719117478839,2.1820476775385975
1.7635084481543737,2.451196413720017
2.46705489041823,2.384142687734166
3.228774409200934,2.440041874377919
3.8967647790185023,2.415737848644172
4.4076328100250795,2.380650253071688
4.987577600049484,1.8295930504841986
5.604380463862666,1.3201284028472342
5.814151305669543,1.3070727994789064
6.584564211098579,1.5226277928063436
6.676605420554633,2.2645046552243127

0.30339329774788926,0.27148989127888457
0.49268695247893063,0.4408984890540453
0.9250143823035587,0.932625814958785
1.1950575543759308,1.4963758326115078
1.60719117478839,2.1820476775385975
1.7840874322716735,2.4670770044373582
2.4144659995519717,2.6661202011011853
2.769431607849729,2.7931584165301344
3.407141135415475,3.0850156507863886
4.038374449459762,3.392171419458875
4.264268739729408,3.4835912767853348
4.454623152345365,4.06153880435734
4.4335342053254285,4.861260791246278
4.456753578700746,5.660923758189263
4.47058681472183,6.153296471602054
4.114070935161476,6.495613054945524
3.3877797897313626,6.465061609933478
2.5928123334750324,6.375469514895247
1.8855872623070078,6.410181382832355
1.6355512038218054,6.289476802455547
1.5511873449140432,5.662721356993697

0.30339329774788926,0.27148989127888457
0.49268695247893063,0.4408984890540453
0.9250143823035587,0.932625814958785
1.1950575543759308,1.4963758326115078
1.60719117478839,2.1820476775385975
1.7840874322716735,2.4670770044373582
2.4144659995519717,2.6661202011011853
2.769431607849729,2.7931584165301344
3.407141135415475,3.0850156507863886
4.038374449459762,3.392171419458875
4.264268739729408,3.4835912767853348
4.454623152345365,4.06153880435734
4.4335342053254285,4.861260791246278
4.456753578700746,5.660923758189263
4.47058681472183,6.153296471602054
4.114070935161476,6.495613054945524
3.3877797897313626,6.465061609933478
2.5928123334750324,6.375469514895247
1.8855872623070078,6.410181382832355
1.6355512038218054,6.289476802455547
1.5511873449140432,5.662721356993697
1.8577063865071581,5.499781388111093
2.3136595337925314,5.188295672029117

0.30339329774788926,0.27148989127888457
0.49268695247893063,0.4408984890540453
0.9250143823035587,0.932625814958785
1.1950575543759308,1.4963758326115078
1.60719117478839,2.1820476775385975
1.7840874322716735,2.4670770044373582
2.4144659995519717,2.6661202011011853
2.769431607849729,2.7931584165301344
3.407141135415475,3.0850156507863886
4.038374449459762,3.392171419458875
4.264268739729408,3.4835912767853348
4.454623152345365,4.06153880435734
4.434261580586997,4.450751561241004

0.30339329774788926,0.27148989127888457
0.49268695247893063,0.4408984890540453
0.9250143823035587,0.932625814958785
1.1950575543759308,1.4963758326115078
1.60719117478839,2.1820476775385975
1.7840874322716735,2.4670770044373582
2.4144659995519717,2.6661202011011853
2.769431607849729,2.7931584165301344
3.407141135415475,3.0850156507863886
3.9204751165909753,3.3645443126137575
4.5909845675529635,3.7022314074299976
5.011214396774656,3.9660286119122343
5.350763439213087,4.2402205999445135
5.9672602567247575,4.417916792821578
6.3060386166599,4.542550003432023

0.30339329774788926,0.27148989127888457
0.49268695247893063,0.4408984890540453
0.9250143823035587,0.932625814958785
1.1950575543759308,1.4963758326115078
1.60719117478839,2.1820476775385975
1.7840874322716735,2.4670770044373582
2.4144659995519717,2.6661202011011853
2.769431607849729,2.7931584165301344
3.407141135415475,3.0850156507863886
4.038374449459762,3.392171419458875
4.264268739729408,3.4835912767853348
4.454623152345365,4.06153880435734
4.4335342053254285,4.861260791246278
4.456753578700746,5.660923758189263
4.47058681472183,6.153296471602054
4.114070935161476,6.495613054945524
3.605526784641703,6.598704397555069
3.0016533574089723,6.651827448863429
2.2128989734226954,6.599312401639471
1.7409908269299277,6.552629219843335

0.30339329774788926,0.27148989127888457
0.49268695247893063,0.4408984890540453
0.9250143823035587,0.932625814958785
1.1950575543759308,1.4963758326115078
1.60719117478839,2.1820476775385975
1.7840874322716735,2.4670770044373582
2.4144659995519717,2.6661202011011853
2.769431607849729,2.7931584165301344
3.407141135415475,3.0850156507863886
4.038374449459762,3.392171419458875
4.264268739729408,3.4835912767853348
4.454623152345365,4.06153880435734
4.4335342053254285,4.861260791246278
4.456753578700746,5.660923758189263
4.47058681472183,6.153296471602054
4.114070935161476,6.495613054945524
3.605526784641703,6.598704397555069

0.30339329774788926,0.27148989127888457
0.49268695247893063,0.4408984890540453
0.9250143823035587,0.932625814958785
1.1950575543759308,1.4963758326115078
1.60719117478839,2.1820476775385975
1.7840874322716735,2.4670770044373582
2.4144659995519717,2.6661202011011853
2.769431607849729,2.7931584165301344
3.407141135415475,3.0850156507863886
4.038374449459762,3.392171419458875
4.264268739729408,3.4835912767853348
4.454623152345365,4.06153880435734
4.511826611673427,4.690094096306492
4.542105642301491,5.322911180731043
4.537701019859468,5.959866783051584
4.561287433578836,6.37468597717224

0.30339329774788926,0.27148989127888457
0.49268695247893063,0.4408984890540453
0.9250143823035587,0.932625814958785
1.1950575543759308,1.4963758326115078
1.60719117478839,2.1820476775385975
1.7840874322716735,2.4670770044373582
2.4144659995519717,2.6661202011011853
2.769431607849729,2.7931584165301344
3.407141135415475,3.0850156507863886
3.9204751165909753,3.3645443126137575
4.5909845675529635,3.7022314074299976
4.87233521378946,3.9759277656801153
5.175668150627129,4.391194840185453
5.588916159887789,4.897141856120619
6.154565954799302,5.462862908863544
6.649464071734576,6.091413506551526
6.777282920845545,6.331881094752307

0.42633948511864705,0.8293251991998218
0.7977849353478236,1.2508419041437764
1.0594096849262822,1.6013262252047487
1.4953789233938775,2.1730123085696733
2.1365479034298414,2.6421541537022093
2.369484326748033,2.6849248575767595
3.0266909752123037,2.650419170591194
3.6325725609457855,2.624110352533485
3.897261969573913,2.6409980894354814
4.400059247844153,2.231708030238175
4.535052623000093,1.9180303339466553
4.200831834089927,1.4519621326490113
3.8940459490987918,1.0255439307200263
3.694041612741667,0.7206361098008596

0.42633948511864705,0.8293251991998218
0.7977849353478236,1.2508419041437764
1.0594096849262822,1.6013262252047487
1.4953789233938775,2.1730123085696733
2.1365479034298414,2.6421541537022093
2.369484326748033,2.6849248575767595
3.0266909752123037,2.650419170591194
3.6325725609457855,2.624110352533485
3.897261969573913,2.6409980894354814
4.400059247844153,2.231708030238175
4.535052623000093,1.9180303339466553
4.2914559669418795,1.6502491724842212

0.42633948511864705,0.8293251991998218
0.7977849353478236,1.2508419041437764
1.0594096849262822,1.6013262252047487
1.4953789233938775,2.1730123085696733
2.1365479034298414,2.6421541537022093
2.369484326748033,2.6849248575767595
3.0266909752123037,2.650419170591194
3.6960302194288084,2.5658648988792736
4.382178528871124,2.3965452957607822
5.027675795427467,2.162735513297906
5.624406528759808,1.6299011751620767
5.930594684855721,1.5592351962470907
6.386146185084145,1.6655192675699912

0.42633948511864705,0.8293251991998218
0.5253382806994961,1.0130962367507117
0.7619845899079338,1.7772941982358392
0.9277391556357724,2.383835583214455

0.42633948511864705,0.8293251991998218
0.7977849353478236,1.2508419041437764
1.0594096849262822,1.6013262252047487
1.4953789233938775,2.1730123085696733
2.1365479034298414,2.6421541537022093
2.369484326748033,2.6849248575767595

0.42633948511864705,0.8293251991998218
0.7977849353478236,1.2508419041437764
1.0594096849262822,1.6013262252047487
1.4953789233938775,2.1730123085696733
2.1365479034298414,2.6421541537022093
2.369484326748033,2.6849248575767595
3.0266909752123037,2.650419170591194
3.6325725609457855,2.624110352533485
4.302036156871172,2.5551968397020413

0.42633948511864705,0.8293251991998218
0.7977849353478236,1.2508419041437764
1.0594096849262822,1.6013262252047487
1.4953789233938775,2.1730123085696733
2.1365479034298414,2.6421541537022093
2.369484326748033,2.6849248575767595
3.0266909752123037,2.650419170591194
3.6960302194288084,2.5658648988792736
4.382178528871124,2.3965452957607822
5.027675795427467,2.162735513297906
5.624406528759808,1.6299011751620767
5.930594684855721,1.5592351962470907
6.386146185084145,1.6655192675699912
6.4763331652041165,2.3253863984418706

0.42633948511864705,0.8293251991998218
0.7977849353478236,1.2508419041437764
1.0594096849262822,1.6013262252047487
1.4953789233938775,2.1730123085696733
2.1365479034298414,2.6421541537022093
2.369484326748033,2.6849248575767595
3.0570958293254895,3.0113147303445373
3.772428272987723,3.3622086295712466
4.407107881060225,3.755000010156827
4.551399914123883,4.541879803514336
4.551528653146533,5.144760296538628
4.521408097278516,5.7497553875531935
4.511511219332929,6.1686201354520245
3.9403918003653176,6.629179699171757
3.2982874181171593,6.535120351648766
3.023984001879087,6.556171777957678
2.295759074545368,6.672647281066954
1.815216611582079,6.499470579448611
1.496281477034165,6.036364265037177
1.5670246273857473,5.643945182260848

0.42633948511864705,0.8293251991998218
0.7977849353478236,1.2508419041437764
1.0594096849262822,1.6013262252047487
1.4953789233938775,2.1730123085696733
2.1365479034298414,2.6421541537022093
2.369484326748033,2.6849248575767595
3.0570958293254895,3.0113147303445373
3.772428272987723,3.3622086295712466
4.407107881060225,3.755000010156827
4.551399914123883,4.541879803514336
4.551528653146533,5.144760296538628
4.521408097278516,5.7497553875531935
4.511511219332929,6.1686201354520245
3.9403918003653176,6.629179699171757
3.2982874181171593,6.535120351648766
3.023984001879087,6.556171777957678
2.295759074545368,6.672647281066954
1.815216611582079,6.499470579448611
1.496281477034165,6.036364265037177
1.6249623838456868,5.577840569888819
1.8734205421748904,5.448478412737356
2.4402976073928917,5.0440040153383805

0.42633948511864705,0.8293251991998218
0.7977849353478236,1.2508419041437764
1.0594096849262822,1.6013262252047487
1.4953789233938775,2.1730123085696733
2.1365479034298414,2.6421541537022093
2.369484326748033,2.6849248575767595
3.0570958293254895,3.0113147303445373
3.772428272987723,3.3622086295712466
4.407107881060225,3.755000010156827
4.7572619093699435,4.294465352342245

0.42633948511864705,0.8293251991998218
0.7977849353478236,1.2508419041437764
1.0594096849262822,1.6013262252047487
1.4953789233938775,2.1730123085696733
2.1365479034298414,2.6421541537022093
2.369484326748033,2.6849248575767595
3.0570958293254895,3.0113147303445373
3.772428272987723,3.3622086295712466
4.407107881060225,3.755000010156827
4.765845241589804,3.9328400938690002
5.376123554834208,4.243316433755483
5.687968740387202,4.377280895413668
6.270768788433176,4.463011400514862

0.42633948511864705,0.8293251991998218
0.7977849353478236,1.2508419041437764
1.0594096849262822,1.6013262252047487
1.4953789233938775,2.1730123085696733
2.1365479034298414,2.6421541537022093
2.369484326748033,2.6849248575767595
3.0570958293254895,3.0113147303445373
3.772428272987723,3.3622086295712466
4.407107881060225,3.755000010156827
4.551399914123883,4.541879803514336
4.551528653146533,5.144760296538628
4.521408097278516,5.7497553875531935
4.511511219332929,6.1686201354520245
3.9403918003653176,6.629179699171757
3.4065626903845434,6.660141456935699
3.096948315562943,6.682840415483429
2.301091568049442,6.7641548510851806
1.7438646173603274,6.733905364000647

0.42633948511864705,0.8293251991998218
0.7977849353478236,1.2508419041437764
1.0594096849262822,1.6013262252047487
1.4953789233938775,2.1730123085696733
2.1365479034298414,2.6421541537022093
2.369484326748033,2.6849248575767595
3.0570958293254895,3.0113147303445373
3.772428272987723,3.3622086295712466
4.407107881060225,3.755000010156827
4.551399914123883,4.541879803514336
4.551528653146533,5.144760296538628
4.521408097278516,5.7497553875531935
4.511511219332929,6.1686201354520245
3.9403918003653176,6.629179699171757
3.4065626903845434,6.660141456935699

0.42633948511864705,0.8293251991998218
0.7977849353478236,1.2508419041437764
1.0594096849262822,1.6013262252047487
1.4953789233938775,2.1730123085696733
2.1365479034298414,2.6421541537022093
2.369484326748033,2.6849248575767595
3.0570958293254895,3.0113147303445373
3.772428272987723,3.3622086295712466
4.407107881060225,3.755000010156827
4.551399914123883,4.541879803514336
4.5532453550833445,4.676257554981379
4.753304281513338,5.450839007093213
4.752920310781548,5.871789348582992
4.858828068068095,6.369993068900202

0.42633948511864705,0.8293251991998218
0.7977849353478236,1.2508419041437764
1.0594096849262822,1.6013262252047487
1.4953789233938775,2.1730123085696733
2.1365479034298414,2.6421541537022093
2.369484326748033,2.6849248575767595
3.0570958293254895,3.0113147303445373
3.772428272987723,3.3622086295712466
4.407107881060225,3.755000010156827
4.678812739077922,4.024819460980627
5.039931842209979,4.339553195551535
5.4858204733563385,4.874018006745708
5.887026360743314,5.35833245454146
6.445541538338955,5.79093127620965
6.402328019855989,6.392195812489152

0.9083913515346536,1.8410183582622608
1.5559396192897241,2.310785578199335
2.024425302362644,2.440909740783095
2.4387460156516614,2.4737210174929243
2.915402848874281,2.48928272465873
3.531805220382397,2.4548056748944918
4.299694540521356,2.3855197729810502
4.47177010290579,2.2427936154988286
4.3462175151086075,1.6901152234090104
3.6325970687820943,1.3285272554333765

0.9083913515346536,1.8410183582622608
1.5559396192897241,2.310785578199335
2.024425302362644,2.440909740783095
2.4387460156516614,2.4737210174929243
2.915402848874281,2.48928272465873
3.531805220382397,2.4548056748944918
4.299694540521356,2.3855197729810502
4.47177010290579,2.2427936154988286
4.3462175151086075,1.6901152234090104

0.9083913515346536,1.8410183582622608
1.5559396192897241,2.310785578199335
2.024425302362644,2.440909740783095
2.4387460156516614,2.4737210174929243
2.915402848874281,2.48928272465873
3.531805220382397,2.4548056748944918
4.299694540521356,2.3855197729810502
4.47177010290579,2.2427936154988286
5.109921758665129,1.8922329801093212
5.426654421690556,1.7263491288415134
6.044326044691582,1.5262978590549903
6.1512733511108095,1.5745555914762255
6.372857799038239,1.7410218837896

0.9083913515346536,1.8410183582622608
1.0231472139469031,2.3223092581539753

0.9083913515346536,1.8410183582622608
1.5559396192897241,2.310785578199335
2.255306682740738,2.6992256772621186

0.9083913515346536,1.8410183582622608
1.5559396192897241,2.310785578199335
2.024425302362644,2.440909740783095
2.4387460156516614,2.4737210174929243
2.915402848874281,2.48928272465873
3.531805220382397,2.4548056748944918
4.299694540521356,2.3855197729810502

0.9083913515346536,1.8410183582622608
1.5559396192897241,2.310785578199335
2.024425302362644,2.440909740783095
2.4387460156516614,2.4737210174929243
2.915402848874281,2.48928272465873
3.531805220382397,2.4548056748944918
4.299694540521356,2.3855197729810502
4.47177010290579,2.2427936154988286
5.109921758665129,1.8922329801093212
5.426654421690556,1.7263491288415134
6.044326044691582,1.5262978590549903
6.1512733511108095,1.5745555914762255
6.372857799038239,1.7410218837896
6.648809789231356,2.3458810451128076

0.9083913515346536,1.8410183582622608
0.9952468121516718,1.9371557325362683
1.6086159585833977,2.2596316263561085
2.213332742790394,2.613390975198458
2.92231513127295,2.972996596541483
3.6038003274975674,3.293725706489314
3.843374955929513,3.4019542079729597
4.415715749249005,3.6338008197089215
4.579723944517966,4.2844906648653485
4.559344598049358,4.772765698548165
4.575099066202364,5.47394692859409
4.48521046569175,6.219090124497654
3.7975319699067835,6.598227906221905
3.258790369950215,6.460239865339337
2.5762027784377564,6.414641466894218
1.823243798369185,6.448832916124167
1.387284952617836,5.960424366518666
1.3344664231204417,5.731076708580506

0.9083913515346536,1.8410183582622608
0.9952468121516718,1.9371557325362683
1.6086159585833977,2.2596316263561085
2.213332742790394,2.613390975198458
2.92231513127295,2.972996596541483
3.6038003274975674,3.293725706489314
3.843374955929513,3.4019542079729597
4.415715749249005,3.6338008197089215
4.579723944517966,4.2844906648653485
4.559344598049358,4.772765698548165
4.575099066202364,5.47394692859409
4.48521046569175,6.219090124497654
3.7975319699067835,6.598227906221905
3.115115929307697,6.694489498781309
2.471171033547232,6.600438941385239
1.6919889276416886,6.513348028789419
1.5398849342159302,5.806031447985081
1.5879194603934348,5.745237085992982
2.258577992164575,5.392423612241898

0.9083913515346536,1.8410183582622608
0.9952468121516718,1.9371557325362683
1.6086159585833977,2.2596316263561085
2.213332742790394,2.613390975198458
2.92231513127295,2.972996596541483
3.6038003274975674,3.293725706489314
3.843374955929513,3.4019542079729597
4.415715749249005,3.6338008197089215
4.579723944517966,4.2844906648653485

0.9083913515346536,1.8410183582622608
0.9952468121516718,1.9371557325362683
1.6086159585833977,2.2596316263561085
2.213332742790394,2.613390975198458
2.92231513127295,2.972996596541483
3.6038003274975674,3.293725706489314
3.843374955929513,3.4019542079729597
4.415715749249005,3.6338008197089215
5.027961955976947,3.95160320399893
5.659076459126057,4.368094054373282
6.256982226398119,4.867675163078138

0.9083913515346536,1.8410183582622608
0.9952468121516718,1.9371557325362683
1.6086159585833977,2.2596316263561085
2.213332742790394,2.613390975198458
2.92231513127295,2.972996596541483
3.6038003274975674,3.293725706489314
3.843374955929513,3.4019542079729597
4.415715749249005,3.6338008197089215
4.579723944517966,4.2844906648653485
4.559344598049358,4.772765698548165
4.575099066202364,5.47394692859409
4.48521046569175,6.219090124497654
3.7975319699067835,6.598227906221905
3.115115929307697,6.694489498781309
2.3152964454746816,6.711483417725723
1.698145300278353,6.697557898690675

0.9083913515346536,1.8410183582622608
0.9952468121516718,1.9371557325362683
1.6086159585833977,2.2596316263561085
2.213332742790394,2.613390975198458
2.92231513127295,2.972996596541483
3.6038003274975674,3.293725706489314
3.843374955929513,3.4019542079729597
4.415715749249005,3.6338008197089215
4.579723944517966,4.2844906648653485
4.559344598049358,4.772765698548165
4.575099066202364,5.47394692859409
4.48521046569175,6.219090124497654
3.7975319699067835,6.598227906221905
3.536330769836874,6.532035765473631

0.9083913515346536,1.8410183582622608
0.9952468121516718,1.9371557325362683
1.6086159585833977,2.2596316263561085
2.213332742790394,2.613390975198458
2.92231513127295,2.972996596541483
3.6038003274975674,3.293725706489314
3.843374955929513,3.4019542079729597
4.415715749249005,3.6338008197089215
4.603966410164043,4.374000107708537
4.802308050911598,5.077525268756209
4.861469161710316,5.538350014398265
5.010650279498572,6.250104337758609

0.9083913515346536,1.8410183582622608
0.9952468121516718,1.9371557325362683
1.6086159585833977,2.2596316263561085
2.213332742790394,2.613390975198458
2.92231513127295,2.972996596541483
3.6038003274975674,3.293725706489314
3.843374955929513,3.4019542079729597
4.544444933763654,3.7873123351477176
4.976931391491872,4.344961771375055
5.241381903242253,4.649948867556757
5.602162034037545,5.092809433030278
6.223651040699899,5.596546879124809
6.42441625923663,5.7609447755884435
6.870486405041619,6.3793535488718645

0.8057454855155466,0.4025144811186403
1.0653987481264262,1.1592047633448135
1.354508554944543,1.9051374141931265
1.6895007623303604,2.3265062888367103
2.0897408473887515,2.64199187492006
2.7008702534937274,2.586063140814175
3.2327930125266633,2.597316788134481
3.7616127498740823,2.5880894709831903
4.276988177850723,2.5641275264205716
4.4909207770640265,1.7932625298136171
4.121005464452413,1.5291376630124813
3.7308747438582213,1.6049188462533042

0.8057454855155466,0.4025144811186403
1.0653987481264262,1.1592047633448135
1.354508554944543,1.9051374141931265
1.6895007623303604,2.3265062888367103
2.0897408473887515,2.64199187492006
2.7008702534937274,2.586063140814175
3.2327930125266633,2.597316788134481
3.7616127498740823,2.5880894709831903
4.276988177850723,2.5641275264205716
4.4909207770640265,1.7932625298136171
4.424652955254842,1.6783424312322202

0.8057454855155466,0.4025144811186403
1.0653987481264262,1.1592047633448135
1.354508554944543,1.9051374141931265
1.6895007623303604,2.3265062888367103
2.0897408473887515,2.64199187492006
2.7008702534937274,2.586063140814175
3.2327930125266633,2.597316788134481
3.9104629858282633,2.4857781903821934
4.670503596143371,2.333762528105723
5.327064923774145,1.8766769529015654
5.750183521088059,1.4112847846128327
6.266397826369126,1.6044283728864626

0.8057454855155466,0.4025144811186403
0.8860263272631815,1.1941827166929166
0.9472371105470815,1.9635560919912494
0.9643660203238063,2.2746068358346307

0.8057454855155466,0.4025144811186403
1.0653987481264262,1.1592047633448135
1.354508554944543,1.9051374141931265
1.6895007623303604,2.3265062888367103
2.377309407664082,2.735063833625925

0.8057454855155466,0.4025144811186403
1.0653987481264262,1.1592047633448135
1.354508554944543,1.9051374141931265
1.6895007623303604,2.3265062888367103
2.0897408473887515,2.64199187492006
2.7008702534937274,2.586063140814175
3.2327930125266633,2.597316788134481
3.7616127498740823,2.5880894709831903
4.276988177850723,2.5641275264205716

0.8057454855155466,0.4025144811186403
1.0653987481264262,1.1592047633448135
1.354508554944543,1.9051374141931265
1.6895007623303604,2.3265062888367103
2.0897408473887515,2.64199187492006
2.7008702534937274,2.586063140814175
3.2327930125266633,2.597316788134481
3.9104629858282633,2.4857781903821934
4.670503596143371,2.333762528105723
5.327064923774145,1.8766769529015654
5.750183521088059,1.4112847846128327
6.49882949323042,1.6796301657602593
6.589732294975384,2.3499304592468055

0.8057454855155466,0.4025144811186403
1.0653987481264262,1.1592047633448135
1.354508554944543,1.9051374141931265
1.6895007623303604,2.3265062888367103
2.377309407664082,2.735063833625925
3.010098912193544,3.082551689740673
3.457785901577739,3.252294868468043
4.206692599459302,3.5336109857953897
4.609132686865785,4.069267883437191
4.7091017907769075,4.4663331642151425
4.576149400162894,5.052985750475075
4.530101549251726,5.438386812224342
4.36733910500776,6.2196060918235165
4.172247395322977,6.517714752548729
3.3914812766469846,6.429703815608616
2.7314760782082446,6.482277227255699
2.4655300634167547,6.491438815693652
1.6655753735619645,6.482924464319285
1.4205187344768337,5.721381790767566

0.8057454855155466,0.4025144811186403
1.0653987481264262,1.1592047633448135
1.354508554944543,1.9051374141931265
1.6895007623303604,2.3265062888367103
2.377309407664082,2.735063833625925
3.010098912193544,3.082551689740673
3.457785901577739,3.252294868468043
4.206692599459302,3.5336109857953897
4.609132686865785,4.069267883437191
4.7091017907769075,4.4663331642151425
4.576149400162894,5.052985750475075
4.530101549251726,5.438386812224342
4.36733910500776,6.2196060918235165
4.172247395322977,6.517714752548729
3.3914812766469846,6.429703815608616
2.7314760782082446,6.482277227255699
2.4655300634167547,6.491438815693652
1.6655753735619645,6.482924464319285
1.4279705464392622,5.879082732569147
1.8722092538318238,5.551324189039878
2.2575219059241762,5.283189338513056

0.8057454855155466,0.4025144811186403
1.0653987481264262,1.1592047633448135
1.354508554944543,1.9051374141931265
1.6895007623303604,2.3265062888367103
2.377309407664082,2.735063833625925
3.010098912193544,3.082551689740673
3.457785901577739,3.252294868468043
4.206692599459302,3.5336109857953897
4.609132686865785,4.069267883437191
4.822765555691798,4.382927091071057

0.8057454855155466,0.4025144811186403
1.0653987481264262,1.1592047633448135
1.354508554944543,1.9051374141931265
1.6895007623303604,2.3265062888367103
2.377309407664082,2.735063833625925
3.010098912193544,3.082551689740673
3.457785901577739,3.252294868468043
4.206692599459302,3.5336109857953897
4.626891426340227,3.773821483003587
5.147243513456132,4.2257615991430875
5.834925792203753,4.634531807813533
6.302353368964528,4.869519082075903

0.8057454855155466,0.4025144811186403
1.0653987481264262,1.1592047633448135
1.354508554944543,1.9051374141931265
1.6895007623303604,2.3265062888367103
2.377309407664082,2.735063833625925
3.010098912193544,3.082551689740673
3.457785901577739,3.252294868468043
4.206692599459302,3.5336109857953897
4.609132686865785,4.069267883437191
4.7091017907769075,4.4663331642151425
4.576149400162894,5.052985750475075
4.530101549251726,5.438386812224342
4.36733910500776,6.2196060918235165
4.172247395322977,6.517714752548729
3.3914812766469846,6.429703815608616
2.7314760782082446,6.482277227255699
2.4655300634167547,6.491438815693652
1.737676559711297,6.616702001123828

0.8057454855155466,0.4025144811186403
1.0653987481264262,1.1592047633448135
1.354508554944543,1.9051374141931265
1.6895007623303604,2.3265062888367103
2.377309407664082,2.735063833625925
3.010098912193544,3.082551689740673
3.457785901577739,3.252294868468043
4.206692599459302,3.5336109857953897
4.609132686865785,4.069267883437191
4.7091017907769075,4.4663331642151425
4.576149400162894,5.052985750475075
4.530101549251726,5.438386812224342
4.36733910500776,6.2196060918235165
4.172247395322977,6.517714752548729
3.5362640690708487,6.952506632774291

0.8057454855155466,0.4025144811186403
1.0653987481264262,1.1592047633448135
1.354508554944543,1.9051374141931265
1.6895007623303604,2.3265062888367103
2.377309407664082,2.735063833625925
3.010098912193544,3.082551689740673
3.457785901577739,3.252294868468043
4.206692599459302,3.5336109857953897
4.609132686865785,4.069267883437191
4.7091017907769075,4.4663331642151425
4.648667706345905,5.0716251651567505
4.677558941127503,5.867304893679394
4.753650565553191,6.2734555107491

0.8057454855155466,0.4025144811186403
1.0653987481264262,1.1592047633448135
1.354508554944543,1.9051374141931265
1.6895007623303604,2.3265062888367103
2.377309407664082,2.735063833625925
3.010098912193544,3.082551689740673
3.457785901577739,3.252294868468043
4.206692599459302,3.5336109857953897
4.77986757922512,4.091706356292632
5.152717760357931,4.498396780135773
5.50329096907842,4.908239633314922
5.846061231397904,5.207777315038046
6.427131573818089,5.723385276349793
7.007434474467515,6.255186951595853

0.2631950758788897,1.6058266358715272
0.6149048292421013,1.8398341349890175
1.177912949701576,2.144916958015983
1.6291496819090616,2.3426056228356034
2.372855981691765,2.47726900707472
3.0877657161045766,2.529128760228546
3.59841633467456,2.516843594254386
4.3439578446951685,2.3287092360069312
4.4391320637083815,2.034208050157403
4.399579495629223,1.8467524075674882
4.272835286706433,1.5734562204839442
3.6597376470074074,1.059538635461322

0.2631950758788897,1.6058266358715272
0.6149048292421013,1.8398341349890175
1.177912949701576,2.144916958015983
1.6291496819090616,2.3426056228356034
2.372855981691765,2.47726900707472
3.0877657161045766,2.529128760228546
3.59841633467456,2.516843594254386
4.3439578446951685,2.3287092360069312
4.531097217869878,1.692295231708771

0.2631950758788897,1.6058266358715272
0.6149048292421013,1.8398341349890175
1.177912949701576,2.144916958015983
1.6291496819090616,2.3426056228356034
2.372855981691765,2.47726900707472
3.0877657161045766,2.529128760228546
3.59841633467456,2.516843594254386
4.3439578446951685,2.3287092360069312
4.914126719029026,2.0893958458429682
5.499058390977209,1.7030573209545237
6.2687241424433235,1.4883539328964375

0.2631950758788897,1.6058266358715272
0.4970725262500263,2.315723643623325

0.2631950758788897,1.6058266358715272
0.6149048292421013,1.8398341349890175
1.177912949701576,2.144916958015983
1.6291496819090616,2.3426056228356034
2.307335247869682,2.6021644938543798

0.2631950758788897,1.6058266358715272
0.6149048292421013,1.8398341349890175
1.177912949701576,2.144916958015983
1.6291496819090616,2.3426056228356034
2.372855981691765,2.47726900707472
3.1058228197729845,2.6513335645794633
3.8113366607515773,2.730787375582473
4.2781042723615705,2.749869748826147

0.2631950758788897,1.6058266358715272
0.6149048292421013,1.8398341349890175
1.177912949701576,2.144916958015983
1.6291496819090616,2.3426056228356034
2.372855981691765,2.47726900707472
3.0877657161045766,2.529128760228546
3.59841633467456,2.516843594254386
4.3439578446951685,2.3287092360069312
4.748624704730505,2.1003465824927217
5.333963081332695,1.7286201416571871
5.565445123460287,1.6020934646188394
6.274165572816332,1.556994645846859
6.462998179720962,1.891094932785927
6.517574311914435,2.425161113022086

0.2631950758788897,1.6058266358715272
0.9571736635108079,1.887092776755709
1.6498637829717775,2.2873182112312653
2.3058671180441523,2.6429148193325993
2.851635981519849,2.9157803772859316
3.3409811653239982,3.131132485845783
3.805401661942817,3.3462753444510973
4.473874685981297,3.7744487853808786
4.636564784893337,4.5094539419399595
4.530569684797874,5.146448953632664
4.533002526619267,5.85182049497971
4.308976874308211,6.362527347902018
3.930293062753404,6.462669924509738
3.133838538097721,6.537904159771951
2.341909755984441,6.490164596677451
1.7695728921914096,6.441797108315869
1.4932243301869617,6.281542703544361
1.2951072716859868,5.614850051562679

0.2631950758788897,1.6058266358715272
0.9571736635108079,1.887092776755709
1.6498637829717775,2.2873182112312653
2.3058671180441523,2.6429148193325993
2.851635981519849,2.9157803772859316
3.3409811653239982,3.131132485845783
3.805401661942817,3.3462753444510973
4.473874685981297,3.7744487853808786
4.636564784893337,4.5094539419399595
4.530569684797874,5.146448953632664
4.533002526619267,5.85182049497971
4.308976874308211,6.362527347902018
3.930293062753404,6.462669924509738
3.133838538097721,6.537904159771951
2.341909755984441,6.490164596677451
1.7695728921914096,6.441797108315869
1.4932243301869617,6.281542703544361
1.6267247942955145,5.5689589160649495
1.932780025427852,5.479702466038075
2.6124364773787563,5.336062738562028

0.2631950758788897,1.6058266358715272
0.9571736635108079,1.887092776755709
1.6498637829717775,2.2873182112312653
2.3058671180441523,2.6429148193325993
2.851635981519849,2.9157803772859316
3.3409811653239982,3.131132485845783
3.805401661942817,3.3462753444510973
4.473874685981297,3.7744487853808786
4.785192979840349,4.366812853972279

0.2631950758788897,1.6058266358715272
0.9571736635108079,1.887092776755709
1.6498637829717775,2.2873182112312653
2.3058671180441523,2.6429148193325993
2.851635981519849,2.9157803772859316
3.520012340573737,3.2575371655496745
4.133668943149448,3.533489584783537
4.404410936102933,3.693660172075227
4.9542775853452214,3.9581037211602115
5.5834989953919605,4.286728737075832
6.253654912007187,4.537653782973554

0.2631950758788897,1.6058266358715272
0.9571736635108079,1.887092776755709
1.6498637829717775,2.2873182112312653
2.3058671180441523,2.6429148193325993
2.851635981519849,2.9157803772859316
3.3409811653239982,3.131132485845783
3.805401661942817,3.3462753444510973
4.473874685981297,3.7744487853808786
4.636564784893337,4.5094539419399595
4.530569684797874,5.146448953632664
4.533002526619267,5.85182049497971
4.308976874308211,6.362527347902018
3.930293062753404,6.462669924509738
3.185270255504757,6.496739353693118
2.5061083529643815,6.534940560204678
2.1462305871358707,6.565951623718406
1.5534625159711464,6.62563027393711

0.2631950758788897,1.6058266358715272
0.9571736635108079,1.887092776755709
1.6498637829717775,2.2873182112312653
2.3058671180441523,2.6429148193325993
2.851635981519849,2.9157803772859316
3.3409811653239982,3.131132485845783
3.805401661942817,3.3462753444510973
4.473874685981297,3.7744487853808786
4.636564784893337,4.5094539419399595
4.530569684797874,5.146448953632664
4.533002526619267,5.85182049497971
4.399526298372299,6.228945328886338
3.9609825175960474,6.583691620715963
3.5390546461513352,6.772786853045124

0.2631950758788897,1.6058266358715272
0.9571736635108079,1.887092776755709
1.6498637829717775,2.2873182112312653
2.3058671180441523,2.6429148193325993
2.851635981519849,2.9157803772859316
3.3409811653239982,3.131132485845783
3.805401661942817,3.3462753444510973
4.473874685981297,3.7744487853808786
4.636564784893337,4.5094539419399595
4.530569684797874,5.146448953632664
4.533002526619267,5.85182049497971
4.440556963439544,6.279510752486698

0.2631950758788897,1.6058266358715272
0.9571736635108079,1.887092776755709
1.6498637829717775,2.2873182112312653
2.3058671180441523,2.6429148193325993
2.851635981519849,2.9157803772859316
3.3409811653239982,3.131132485845783
3.805401661942817,3.3462753444510973
4.473874685981297,3.7744487853808786
4.772478168873875,4.089852889367335
5.137005685027324,4.439860525517223
5.661353459197916,4.922710496227506
6.110606308318018,5.279948252029708
6.438912876105688,5.934666416073934
6.438322309117457,6.261251858762594

0.980699221447207,0.9633489784008784
1.2322195788581012,1.62793986785055
1.622940851355076,2.2499076856672318
1.7995876253752083,2.38410311663644
2.495575308473737,2.529509522669917
2.834576457255786,2.6209716553862332
3.6342671175768833,2.643216830036204
4.1555727105393325,2.493400885180231
4.440498772074054,2.153245324364591
4.45073289209524,1.6596410271685091
3.695491811065134,1.3958022325903103

0.980699221447207,0.9633489784008784
1.2322195788581012,1.62793986785055
1.622940851355076,2.2499076856672318
1.7995876253752083,2.38410311663644
2.495575308473737,2.529509522669917
2.834576457255786,2.6209716553862332
3.6342671175768833,2.643216830036204
4.1555727105393325,2.493400885180231
4.440498772074054,2.153245324364591
4.45073289209524,1.6596410271685091

0.980699221447207,0.9633489784008784
1.2322195788581012,1.62793986785055
1.622940851355076,2.2499076856672318
1.7995876253752083,2.38410311663644
2.495575308473737,2.529509522669917
2.834576457255786,2.6209716553862332
3.6342671175768833,2.643216830036204
4.120305817219516,2.466628793067564
4.385629759846501,2.3189182750792123
4.939075259042525,1.9743498573262839
5.23233208687878,1.830236158147449
5.776525488593205,1.5801255966774739
6.36317986725085,1.2316573731508078

0.980699221447207,0.9633489784008784
1.1516211204795321,1.7280046866197425
1.289003204229814,2.266236654067844

0.980699221447207,0.9633489784008784
1.2322195788581012,1.62793986785055
1.622940851355076,2.2499076856672318
1.7995876253752083,2.38410311663644
2.2895546459430993,2.640717264367114

0.980699221447207,0.9633489784008784
1.2322195788581012,1.62793986785055
1.622940851355076,2.2499076856672318
1.7995876253752083,2.38410311663644
2.495575308473737,2.529509522669917
2.834576457255786,2.6209716553862332
3.6342671175768833,2.643216830036204
4.256464060738165,2.5457234803126534

0.980699221447207,0.9633489784008784
1.2322195788581012,1.62793986785055
1.622940851355076,2.2499076856672318
1.7995876253752083,2.38410311663644
2.495575308473737,2.529509522669917
2.834576457255786,2.6209716553862332
3.6342671175768833,2.643216830036204
4.120305817219516,2.466628793067564
4.385629759846501,2.3189182750792123
4.939075259042525,1.9743498573262839
5.23233208687878,1.830236158147449
5.776525488593205,1.5801255966774739
6.107432333085036,1.5768484770156264
6.66732153746926,1.8497204318663885
6.7767291515638295,2.2812499844493357

0.980699221447207,0.9633489784008784
1.2322195788581012,1.62793986785055
1.622940851355076,2.2499076856672318
1.7995876253752083,2.38410311663644
2.2488261115520523,2.55765554327242
2.8119609356212534,2.7664053524055765
3.1112696219959,2.8894237534944613
3.7661851322018376,3.348864363902049
3.9011019223491212,3.3974045964194577
4.474335524938965,3.8029681943893134
4.499374494119264,4.557046938030124
4.504312426049642,4.660060483277532
4.4826103550264405,5.390840175721208
4.483992157810963,6.150296718627385
4.144363750128129,6.4779037146134035
3.378845290398133,6.54625997365672
2.6333491464600485,6.580879023136815
1.8563121983375144,6.390580359840357
1.5982091724696577,6.275800376614924
1.5341220561907238,5.630792997618419

0.980699221447207,0.9633489784008784
1.2322195788581012,1.62793986785055
1.622940851355076,2.2499076856672318
1.7995876253752083,2.38410311663644
2.2488261115520523,2.55765554327242
2.8119609356212534,2.7664053524055765
3.1112696219959,2.8894237534944613
3.7661851322018376,3.348864363902049
3.9011019223491212,3.3974045964194577
4.474335524938965,3.8029681943893134
4.499374494119264,4.557046938030124
4.504312426049642,4.660060483277532
4.4826103550264405,5.390840175721208
4.483992157810963,6.150296718627385
4.144363750128129,6.4779037146134035
3.378845290398133,6.54625997365672
2.6333491464600485,6.580879023136815
1.8563121983375144,6.390580359840357
1.5982091724696577,6.275800376614924
1.4895040726995734,6.05944971903177
1.684976843157659,5.622795370287395
2.2561456281670837,5.0834242124229725

0.980699221447207,0.9633489784008784
1.2322195788581012,1.62793986785055
1.622940851355076,2.2499076856672318
1.7995876253752083,2.38410311663644
2.2488261115520523,2.55765554327242
2.8119609356212534,2.7664053524055765
3.1112696219959,2.8894237534944613
3.7661851322018376,3.348864363902049
3.9011019223491212,3.3974045964194577
4.474335524938965,3.8029681943893134
4.672051654844822,4.273309362726183

0.980699221447207,0.9633489784008784
1.2322195788581012,1.62793986785055
1.622940851355076,2.2499076856672318
1.7995876253752083,2.38410311663644
2.2488261115520523,2.55765554327242
2.8119609356212534,2.7664053524055765
3.1112696219959,2.8894237534944613
3.7661851322018376,3.348864363902049
3.9011019223491212,3.3974045964194577
4.474335524938965,3.8029681943893134
5.070365721789066,4.277368888498628
5.497611343849118,4.632545722926712
6.257933958877081,4.881361962503311

0.980699221447207,0.9633489784008784
1.2322195788581012,1.62793986785055
1.622940851355076,2.2499076856672318
1.7995876253752083,2.38410311663644
2.2488261115520523,2.55765554327242
2.8119609356212534,2.7664053524055765
3.1112696219959,2.8894237534944613
3.7661851322018376,3.348864363902049
3.9011019223491212,3.3974045964194577
4.474335524938965,3.8029681943893134
4.499374494119264,4.557046938030124
4.504312426049642,4.660060483277532
4.4826103550264405,5.390840175721208
4.483992157810963,6.150296718627385
4.144363750128129,6.4779037146134035
3.378845290398133,6.54625997365672
2.671168532380422,6.557176955012441
2.0696515953269463,6.5226234954103255
1.6649254386126895,6.4945179383522476

0.980699221447207,0.9633489784008784
1.2322195788581012,1.62793986785055
1.622940851355076,2.2499076856672318
1.7995876253752083,2.38410311663644
2.2488261115520523,2.55765554327242
2.8119609356212534,2.7664053524055765
3.1112696219959,2.8894237534944613
3.7661851322018376,3.348864363902049
3.9011019223491212,3.3974045964194577
4.474335524938965,3.8029681943893134
4.499374494119264,4.557046938030124
4.504312426049642,4.660060483277532
4.4826103550264405,5.390840175721208
4.483992157810963,6.150296718627385
4.144363750128129,6.4779037146134035
3.7485802711269836,6.646976350594534

0.980699221447207,0.9633489784008784
1.2322195788581012,1.62793986785055
1.622940851355076,2.2499076856672318
1.7995876253752083,2.38410311663644
2.2488261115520523,2.55765554327242
2.8119609356212534,2.7664053524055765
3.1112696219959,2.8894237534944613
3.7661851322018376,3.348864363902049
3.9011019223491212,3.3974045964194577
4.474335524938965,3.8029681943893134
4.499374494119264,4.557046938030124
4.504312426049642,4.660060483277532
4.4826103550264405,5.390840175721208
4.483992157810963,6.150296718627385
4.495333900818057,6.259489560430532

0.980699221447207,0.9633489784008784
1.2322195788581012,1.62793986785055
1.622940851355076,2.2499076856672318
1.7995876253752083,2.38410311663644
2.2488261115520523,2.55765554327242
2.8119609356212534,2.7664053524055765
3.1112696219959,2.8894237534944613
3.7661851322018376,3.348864363902049
3.9011019223491212,3.3974045964194577
4.474335524938965,3.8029681943893134
5.070365721789066,4.277368888498628
5.497611343849118,4.632545722926712
5.940935347801366,5.114024747358553
6.385283810976407,5.779272402953054
6.683915375930443,6.397161089451542

