4.659728389317476,0.6601783651363076
4.650875686285865,0.7963145484714353
4.481158214374976,1.4456881106171937
4.4058545151370945,2.1520272455001925
4.319709162678251,2.4718357121631938
3.521549545821437,2.41760264089681
2.925746695781157,2.4389276522113894
2.1606643961461973,2.429250121300666
1.7093487911915652,2.3562664529827537
1.5822648206553491,2.1766102058029215
1.402591797361139,1.678886526115062

4.659728389317476,0.6601783651363076
3.957029439012104,0.6589206769843025
3.7232993577375044,0.6664893429147617

4.659728389317476,0.6601783651363076
4.8653714032354145,0.6249294848102644
5.665243682397879,0.6392241351188289
6.274875337570925,0.6159943853256602

4.659728389317476,0.6601783651363076
4.650875686285865,0.7963145484714353
4.481158214374976,1.4456881106171937
4.4058545151370945,2.1520272455001925
4.3007561192123305,2.3385161379697923
3.818275312525281,2.7263435944877963
3.107194916123888,2.6930432971802554
2.356213640057456,2.67224049018821
1.7256758891006978,2.76103879162942

4.659728389317476,0.6601783651363076
4.650875686285865,0.7963145484714353
4.481158214374976,1.4456881106171937
4.4058545151370945,2.1520272455001925
4.3007561192123305,2.3385161379697923
4.026464360620082,2.6213832519912854
3.744664871004841,2.9151137106376157

4.659728389317476,0.6601783651363076
4.621296709160609,1.459254710650502
4.645393325053204,2.2588917239900077

4.659728389317476,0.6601783651363076
5.071517295072651,0.9171275404149546
5.475571157453487,1.164785235605004
5.788688163773748,1.310945719527788
6.359666615059435,1.6872742827303582
6.546370912018717,2.408843294508227

4.659728389317476,0.6601783651363076
4.621296709160609,1.459254710650502
4.645393325053204,2.2588917239900077
4.682917099282882,2.9025179679388233
4.688071653919517,3.1440241065345624
4.631791165227839,3.8652508777535965
4.574315040323311,4.622203225585437
4.4911061712601015,5.107837820126805
4.457421796840865,5.773548345103502
4.426779090615621,6.347227241018213
3.912473440708713,6.419497370622862
3.116675372662295,6.501384090508257
2.4218881906236014,6.532580446678195
2.1015659097840325,6.536844830713942
1.530845353201142,6.283717475970263
1.4958114420713122,5.649134375891097

4.659728389317476,0.6601783651363076
4.621296709160609,1.459254710650502
4.645393325053204,2.2588917239900077
4.682917099282882,2.9025179679388233
4.688071653919517,3.1440241065345624
4.631791165227839,3.8652508777535965
4.574315040323311,4.622203225585437
4.4911061712601015,5.107837820126805
4.457421796840865,5.773548345103502
4.426779090615621,6.347227241018213
3.912473440708713,6.419497370622862
3.116675372662295,6.501384090508257
2.4218881906236014,6.532580446678195
2.1015659097840325,6.536844830713942
1.530845353201142,6.283717475970263
1.5395849865203255,5.930284450755474
1.9776191225774669,5.260862240451189
2.2640918905906333,4.856404915404513

4.659728389317476,0.6601783651363076
4.735897815119108,1.4565439963466518
4.833756751014636,2.080082447714465
4.947268898281495,2.710800195824825
5.058713837698335,3.382288931695123
5.157585922114667,4.136928467813649
5.175840257132128,4.272697291418087

4.659728389317476,0.6601783651363076
4.848441029328291,1.4368302528637997
5.0737054533744965,2.204460332563085
5.165198538671454,2.72940521439382
5.307497626704555,3.281449363228573
5.50580633844435,3.9049358741013065
5.586087279745214,4.291665641502885
5.853261129826174,4.479544438220662
6.4537288320574495,4.894918604819548

4.659728389317476,0.6601783651363076
4.621296709160609,1.459254710650502
4.645393325053204,2.2588917239900077
4.682917099282882,2.9025179679388233
4.688071653919517,3.1440241065345624
4.631791165227839,3.8652508777535965
4.574315040323311,4.622203225585437
4.4911061712601015,5.107837820126805
4.457421796840865,5.773548345103502
4.426779090615621,6.347227241018213
4.14273336381506,6.422076906672745
3.4284760424906464,6.782405199947744
2.712778154609769,7.139863635689372
2.051186825705285,7.24150956728737
1.690256224037111,7.335554764150975

4.659728389317476,0.6601783651363076
4.621296709160609,1.459254710650502
4.645393325053204,2.2588917239900077
4.682917099282882,2.9025179679388233
4.688071653919517,3.1440241065345624
4.631791165227839,3.8652508777535965
4.574315040323311,4.622203225585437
4.4911061712601015,5.107837820126805
4.457421796840865,5.773548345103502
4.426779090615621,6.347227241018213
4.14273336381506,6.422076906672745
3.6969480876592606,6.682117188788103

4.659728389317476,0.6601783651363076
4.650875686285865,0.7963145484714353
4.715148281139857,1.5107116772113405
4.740145588747666,2.2026065605941647
4.753671250457895,2.937657515429697
4.793598807726546,3.6390110104038405
4.776932663817387,4.213069667634549
4.835722369348603,4.800535738810465
4.830666946958861,5.309136615104127
4.814687399075082,5.794590223299238
4.797158619923415,6.270387052361771

4.659728389317476,0.6601783651363076
4.848441029328291,1.4368302528637997
5.0737054533744965,2.204460332563085
5.165198538671454,2.72940521439382
5.307497626704555,3.281449363228573
5.50580633844435,3.9049358741013065
5.762883205449826,4.573895653740069
6.062397720713069,5.1025981883784315
6.363739166509134,5.689841154565435
6.4646095265836525,6.471578732957146

4.150655568098098,1.236406474039632
4.4191847981492804,1.693040407250709
4.426212346157491,2.201515845648821
4.093924432037309,2.6290537899503725
3.297399887562967,2.5545645286441863
2.7771137833155874,2.527223986233604
2.3582516059128276,2.479438335045611
1.64247556632185,2.4553750915096417
1.3324847903779875,2.037243732902124
1.0182255575092976,1.551854735720425

4.150655568098098,1.236406474039632
3.7261827337770708,1.0299310639766732

4.150655568098098,1.236406474039632
4.825488422280617,0.997946190440502
5.597927250221583,1.0745518172573374
6.276374687900704,1.1344474571248089

4.150655568098098,1.236406474039632
4.4191847981492804,1.693040407250709
4.426212346157491,2.201515845648821
4.093924432037309,2.6290537899503725
3.297399887562967,2.5545645286441863
2.7771137833155874,2.527223986233604
2.3582516059128276,2.479438335045611
1.64247556632185,2.4553750915096417

4.150655568098098,1.236406474039632
4.4191847981492804,1.693040407250709
4.426212346157491,2.201515845648821
4.093924432037309,2.6290537899503725
3.712248019837061,2.855620586144807

4.150655568098098,1.236406474039632
4.4191847981492804,1.693040407250709
4.426212346157491,2.201515845648821
4.3574031039386005,2.263625263884366

4.150655568098098,1.236406474039632
4.582130878142467,1.3384566476154767
5.351622956273639,1.5572760747543164
5.712014128839675,1.5923858176193746
6.280060536807465,1.5946760411701648
6.409722278830426,1.7590190640209644
6.558069166578189,2.375393900683482

4.150655568098098,1.236406474039632
4.4191847981492804,1.693040407250709
4.426212346157491,2.201515845648821
4.47772287048808,2.999855789459218
4.492385920297801,3.418897621637373
4.477977597711665,4.164955139822197
4.48491870714139,4.9512948536776635
4.488413389055049,5.430819520100378
4.496069341480151,6.230782885756872
3.984089852350405,6.505964050607045
3.2329155005089154,6.445523419114341
2.50124759417234,6.405514036244144
2.1118922655905625,6.483760917963764
1.5736348096955193,6.295770299892519
1.433832708691157,5.699827375094944

4.150655568098098,1.236406474039632
4.4191847981492804,1.693040407250709
4.426212346157491,2.201515845648821
4.47772287048808,2.999855789459218
4.492385920297801,3.418897621637373
4.477977597711665,4.164955139822197
4.48491870714139,4.9512948536776635
4.488413389055049,5.430819520100378
4.496069341480151,6.230782885756872
3.984089852350405,6.505964050607045
3.2329155005089154,6.445523419114341
2.50124759417234,6.405514036244144
2.1118922655905625,6.483760917963764
1.5736348096955193,6.295770299892519
1.4451935829232263,5.82734758272402
2.1160077657433685,5.391448130869186
2.2891579293156887,5.35196037179172

4.150655568098098,1.236406474039632
4.4191847981492804,1.693040407250709
4.426212346157491,2.201515845648821
4.3385473821209946,2.8257097248098546
4.349579785316495,3.4786775720164895
4.424852371262269,4.275128473080099

4.150655568098098,1.236406474039632
4.4191847981492804,1.693040407250709
4.728661605337726,2.162244067239021
4.830959379171379,2.5323233148120434
5.103749962897811,3.2117930590769674
5.273024716648783,3.670733771843543
5.608096177673932,4.315199369334962
6.296670711075074,4.700746961683981

4.150655568098098,1.236406474039632
4.4191847981492804,1.693040407250709
4.426212346157491,2.201515845648821
4.47772287048808,2.999855789459218
4.492385920297801,3.418897621637373
4.477977597711665,4.164955139822197
4.48491870714139,4.9512948536776635
4.488413389055049,5.430819520100378
4.496069341480151,6.230782885756872
3.984089852350405,6.505964050607045
3.2736207748969592,6.640985585416615
2.629061494283021,6.649756817036712
2.245449547681881,6.694006767715953
1.716245484221176,6.789573601520098

4.150655568098098,1.236406474039632
4.4191847981492804,1.693040407250709
4.426212346157491,2.201515845648821
4.47772287048808,2.999855789459218
4.492385920297801,3.418897621637373
4.477977597711665,4.164955139822197
4.48491870714139,4.9512948536776635
4.488413389055049,5.430819520100378
4.496069341480151,6.230782885756872
4.0157027857061145,6.552139140065595
3.6648349549547574,6.761130628625738

4.150655568098098,1.236406474039632
4.4191847981492804,1.693040407250709
4.426212346157491,2.201515845648821
4.47772287048808,2.999855789459218
4.492385920297801,3.418897621637373
4.55144612248762,4.216714575905266
4.663451855790907,4.534180000509438
4.706002340624074,5.024097561045588
4.764381444749973,5.602003499907041
4.785076286343495,6.290761565978274

4.150655568098098,1.236406474039632
4.4191847981492804,1.693040407250709
4.728661605337726,2.162244067239021
4.830959379171379,2.5323233148120434
5.103749962897811,3.2117930590769674
5.273024716648783,3.670733771843543
5.608096177673932,4.315199369334962
6.050472341133112,4.977316343870817
6.1985066075412405,5.189823703027658
6.540455170514782,5.884243520989489
6.52848922751274,6.44613316859288

4.7079362390404,0.8735125679326727
4.586042233006315,1.578449620627763
4.474449075348129,2.0074617632925964
4.330338822683946,2.376840721724226
3.5304131741682765,2.387747455735167
2.7580001179423865,2.4217337525013716
2.532058620985206,2.444493175748463
1.8286810155182296,2.4867703296585812
1.376273776098742,2.0606199201139583
1.1120689832920136,1.7274220967814509

4.7079362390404,0.8735125679326727
4.472613614486916,0.7865317281030514
3.700485483485746,0.9958595793714373

4.7079362390404,0.8735125679326727
5.436369434774758,1.0348474366399212
5.969825910646043,1.1485735324846353
6.3033787661531715,1.0805375914252435

4.7079362390404,0.8735125679326727
4.586042233006315,1.578449620627763
4.474449075348129,2.0074617632925964
4.330338822683946,2.376840721724226
3.983943049215656,2.3962605234910077
3.235359515980984,2.450571223811445
2.459987625553865,2.5818037206594524
1.7387463175711515,2.692426468064559

4.7079362390404,0.8735125679326727
4.586042233006315,1.578449620627763
4.474449075348129,2.0074617632925964
4.330338822683946,2.376840721724226
3.5304131741682765,2.387747455735167

4.7079362390404,0.8735125679326727
4.586042233006315,1.578449620627763
4.607090811596361,2.265151313943635

4.7079362390404,0.8735125679326727
5.459100457273054,1.1487439564895123
6.1729725803836155,1.4498426577367471
6.512253424540337,1.9516229378283212
6.632474753912038,2.339476704912852

4.7079362390404,0.8735125679326727
4.586042233006315,1.578449620627763
4.544675600206059,2.3634426232156187
4.478155335371598,2.86783035642052
4.502297585494109,3.369371979755294
4.57358050071462,4.1250119923949145
4.589899487864956,4.252629125533105
4.506699343127626,4.932093952623661
4.456400367655955,5.560970639391686
4.419627265688023,6.011039039155613
4.422403000345763,6.46328181648502
3.691787256896963,6.460550279819185
2.9902318530761733,6.507202868679498
2.860264033148762,6.490616901572827
2.0923909808851464,6.492030000957661
1.6831516455097666,6.317678640635547
1.4199392567271292,5.6428259498999624

4.7079362390404,0.8735125679326727
4.586042233006315,1.578449620627763
4.544675600206059,2.3634426232156187
4.478155335371598,2.86783035642052
4.502297585494109,3.369371979755294
4.57358050071462,4.1250119923949145
4.589899487864956,4.252629125533105
4.506699343127626,4.932093952623661
4.456400367655955,5.560970639391686
4.419627265688023,6.011039039155613
4.422403000345763,6.46328181648502
3.691787256896963,6.460550279819185
2.9902318530761733,6.507202868679498
2.860264033148762,6.490616901572827
2.0923909808851464,6.492030000957661
1.5047581877221134,6.306185925398053
1.6517275511484246,5.709550589690377
1.7648402275345048,5.62271620228686
2.4850019064733404,5.447465900463007

4.7079362390404,0.8735125679326727
4.586042233006315,1.578449620627763
4.544675600206059,2.3634426232156187
4.478155335371598,2.86783035642052
4.502297585494109,3.369371979755294
4.57358050071462,4.1250119923949145
4.589899487864956,4.252629125533105

4.7079362390404,0.8735125679326727
4.798014246258322,1.147817697614853
5.013175918328584,1.825661174809923
5.119774459104602,2.034571559463218
5.320988837988585,2.626190934917965
5.382447374857287,3.03943419729438
5.481778415538926,3.6536204152755474
5.5319461004886135,3.993867144641895
5.647835377558285,4.4376562581984205
6.294617206039178,4.750900751081113

4.7079362390404,0.8735125679326727
4.586042233006315,1.578449620627763
4.544675600206059,2.3634426232156187
4.478155335371598,2.86783035642052
4.502297585494109,3.369371979755294
4.57358050071462,4.1250119923949145
4.589899487864956,4.252629125533105
4.506699343127626,4.932093952623661
4.456400367655955,5.560970639391686
4.419627265688023,6.011039039155613
4.422403000345763,6.46328181648502
3.658732970329084,6.540087664232474
2.8834038782898,6.684975523215384
2.3011232778304387,6.776256225034311
1.7390858958652702,6.840589400901655

4.7079362390404,0.8735125679326727
4.586042233006315,1.578449620627763
4.544675600206059,2.3634426232156187
4.478155335371598,2.86783035642052
4.502297585494109,3.369371979755294
4.57358050071462,4.1250119923949145
4.589899487864956,4.252629125533105
4.506699343127626,4.932093952623661
4.456400367655955,5.560970639391686
4.419627265688023,6.011039039155613
4.422403000345763,6.46328181648502
3.7495856534894934,6.571473733641331

4.7079362390404,0.8735125679326727
4.828145404713412,1.6644296030812389
4.880583609004202,2.1764176832787254
4.972806993891839,2.9710841839441726
5.017905276132135,3.6059537746280723
5.090752060563558,4.38060386980305
5.159803107854116,5.160352694295651
5.240750296304532,5.937469371399392
5.222308432127741,6.303461399993907

4.7079362390404,0.8735125679326727
4.798014246258322,1.147817697614853
5.013175918328584,1.825661174809923
5.119774459104602,2.034571559463218
5.320988837988585,2.626190934917965
5.382447374857287,3.03943419729438
5.481778415538926,3.6536204152755474
5.5319461004886135,3.993867144641895
5.730825057903244,4.593876840456482
5.901331153358658,4.902237387799758
6.133801068732468,5.344311176862057
6.373743552518516,5.79517804529487
6.647140761398695,6.25095063273145

4.538975805097362,1.2686716753789031
4.431273450216387,2.061388650568089
4.37753376627739,2.254847275908507
3.8408208874023955,2.653485605162963
3.1912089266810955,2.6811890826101252
2.608454957057778,2.6685332753290627
2.1995455467185026,2.6638293367574306
1.5409894819285,2.209622435083418
1.610962886305841,1.6193758345310392

4.538975805097362,1.2686716753789031
4.294072784345346,1.2221881222219557
3.747196203698863,1.1064450388384386

4.538975805097362,1.2686716753789031
4.85970473314071,1.2197287709307125
5.416127126908147,1.1828149793190865
5.659879094574204,1.1362752625896944
6.324683354834839,1.165809640104808

4.538975805097362,1.2686716753789031
4.431273450216387,2.061388650568089
4.37753376627739,2.254847275908507
3.8408208874023955,2.653485605162963
3.2188173984306596,2.782281739037335
2.4516125234751396,2.9861434404488247
1.7492811169843225,3.2221982760244883

4.538975805097362,1.2686716753789031
4.431273450216387,2.061388650568089
4.37753376627739,2.254847275908507
3.8408208874023955,2.653485605162963
3.5835951598058076,2.7359799800994504

4.538975805097362,1.2686716753789031
4.431273450216387,2.061388650568089
4.37753376627739,2.254847275908507

4.538975805097362,1.2686716753789031
4.8099108303873574,1.3336171022288394
5.377509086088569,1.4442124011360804
6.107267423168695,1.5857108602671075
6.428876642512375,1.7250405442079337
6.769031797032621,2.268707000876911

4.538975805097362,1.2686716753789031
4.551704943467026,1.7117932014390382
4.485656981587645,2.407788283876147
4.487684414757275,3.207785714818736
4.497214956250821,3.9995787898284325
4.474812015374657,4.796878189373466
4.481891827721447,5.596846861420774
4.508868031550136,6.289387025857376
3.916427534594907,6.5001754127194
3.3189728062524244,6.48449186103091
2.932821432094393,6.446426614146939
2.3993567904802977,6.6091786413818525
1.7589420358858179,6.593582523179072
1.6434857721709917,6.274921988500071
1.3722314320486437,5.700054742669135

4.538975805097362,1.2686716753789031
4.551704943467026,1.7117932014390382
4.485656981587645,2.407788283876147
4.487684414757275,3.207785714818736
4.497214956250821,3.9995787898284325
4.474812015374657,4.796878189373466
4.481891827721447,5.596846861420774
4.508868031550136,6.289387025857376
3.916427534594907,6.5001754127194
3.3189728062524244,6.48449186103091
2.932821432094393,6.446426614146939
2.3993567904802977,6.6091786413818525
1.7589420358858179,6.593582523179072
1.482320883206231,6.181188518399647
1.7389274862402675,5.42345964124151
2.369410385156493,5.406818493900628

4.538975805097362,1.2686716753789031
4.559613828779381,1.4514709870857527
4.608027986966544,2.129521114169181
4.617012640362786,2.59001234925966
4.647031841016518,3.174213470547362
4.646899628032165,3.6976139313498333
4.678719699879115,4.2905416447572176

4.538975805097362,1.2686716753789031
4.730330264153535,2.009198369315784
4.956542818239591,2.6647890905882328
5.116689705581771,3.138812731448511
5.426686646148377,3.876309780147246
5.591971095386587,4.238352482241062
6.025367194642116,4.530716113433822
6.295757001957798,4.580932228480069

4.538975805097362,1.2686716753789031
4.551704943467026,1.7117932014390382
4.485656981587645,2.407788283876147
4.487684414757275,3.207785714818736
4.497214956250821,3.9995787898284325
4.474812015374657,4.796878189373466
4.481891827721447,5.596846861420774
4.508868031550136,6.289387025857376
3.916427534594907,6.5001754127194
3.3189728062524244,6.48449186103091
2.932821432094393,6.446426614146939
2.3993567904802977,6.6091786413818525
1.72068684390472,6.756391872552643

4.538975805097362,1.2686716753789031
4.559613828779381,1.4514709870857527
4.608027986966544,2.129521114169181
4.617012640362786,2.59001234925966
4.647031841016518,3.174213470547362
4.646899628032165,3.6976139313498333
4.642456055991913,4.034367938629634
4.657438781780143,4.766298938610863
4.659751030752087,5.071030325374246
4.685118136509599,5.709555924439077
4.667619345644141,5.944584822465065
4.134196546846349,6.484427940228948
3.545066856956737,6.6800113766537965

4.538975805097362,1.2686716753789031
4.551704943467026,1.7117932014390382
4.485656981587645,2.407788283876147
4.487684414757275,3.207785714818736
4.497214956250821,3.9995787898284325
4.474812015374657,4.796878189373466
4.481891827721447,5.596846861420774
4.508868031550136,6.289387025857376

4.538975805097362,1.2686716753789031
4.730330264153535,2.009198369315784
4.956542818239591,2.6647890905882328
5.116689705581771,3.138812731448511
5.426686646148377,3.876309780147246
5.606572059657129,4.225811264084926
5.909429271125367,4.674978967893139
6.033158139649617,4.954454474676708
6.319135294137914,5.432819024266198
6.610590458307197,6.050688216888668
6.8409995222200655,6.443539480448111

4.606981196703051,1.0867902443642807
4.567970425767935,1.513050195318152
4.473184697690897,2.2881994571601045
4.137246035820935,2.386634642148099
3.392500920623374,2.5338467038813244
3.0998433834997483,2.5318131873620864
2.3699431200344114,2.6012394934368483
1.6278365676894628,2.302445475814851
1.37391214831495,1.7125355369177977

4.606981196703051,1.0867902443642807
4.085800683755552,1.0556093861350444
3.6380083144761692,1.1410165791446656

4.606981196703051,1.0867902443642807
5.047392416493859,1.0860567128951986
5.580544269142053,1.0639092859070407
6.286124684902088,1.1004192936402544

4.606981196703051,1.0867902443642807
4.567970425767935,1.513050195318152
4.473184697690897,2.2881994571601045
4.137246035820935,2.386634642148099
3.392500920623374,2.5338467038813244
3.0998433834997483,2.5318131873620864
2.3699431200344114,2.6012394934368483
1.6278365676894628,2.302445475814851

4.606981196703051,1.0867902443642807
4.536230549514783,1.4505926441416654
4.407884704933476,2.067727274904307
4.265021723439868,2.576313548897136
3.5796094222576924,2.883862734004801

4.606981196703051,1.0867902443642807
4.567970425767935,1.513050195318152
4.473184697690897,2.2881994571601045

4.606981196703051,1.0867902443642807
5.102227249205403,1.2706432926534381
5.7103336247950125,1.4606990615588202
6.462502079849295,1.689742722093598
6.626013201529373,2.3142632780066945

4.606981196703051,1.0867902443642807
4.721819736765541,1.874616108963599
4.647519609739164,2.6697309248833667
4.590500146980994,3.3285755832959443
4.64789277118583,3.968675762936188
4.667320958613637,4.764398185643746
4.672419345328,5.023285419873958
4.629526845307855,5.822134738232572
4.639966836978731,5.83092523293063
4.184278939484533,6.4884573918987805
3.650692447620515,6.484298271802805
2.8940593904866656,6.418295806899496
2.1003812450200994,6.436325491842302
1.7316949586708212,6.355278033561738
1.4661187665163922,6.060582381959786
1.2897908616949683,5.653932195673315

4.606981196703051,1.0867902443642807
4.721819736765541,1.874616108963599
4.647519609739164,2.6697309248833667
4.590500146980994,3.3285755832959443
4.64789277118583,3.968675762936188
4.667320958613637,4.764398185643746
4.672419345328,5.023285419873958
4.629526845307855,5.822134738232572
4.639966836978731,5.83092523293063
4.184278939484533,6.4884573918987805
3.650692447620515,6.484298271802805
2.8940593904866656,6.418295806899496
2.1003812450200994,6.436325491842302
1.7316949586708212,6.355278033561738
1.4661187665163922,6.060582381959786
1.6688332365894891,5.596856252632331
2.0983530141701436,5.459054591595701
2.4809888255045003,5.420664645363644

4.606981196703051,1.0867902443642807
4.567970425767935,1.513050195318152
4.473184697690897,2.2881994571601045
4.492357077134122,2.377383331545148
4.451194294001269,3.092008642897432
4.470483462223286,3.18704836827444
4.456042313969464,3.9197016026772764
4.408540869704771,4.262155708752548

4.606981196703051,1.0867902443642807
4.823786550738279,1.8428666507753362
5.065017353658692,2.5789577181026315
5.1908342899003435,2.961606690691589
5.339047038965001,3.4192434762341186
5.505987887196828,3.934862962137334
5.630869325224652,4.355024469023463
6.354951442290433,4.510395643471484

4.606981196703051,1.0867902443642807
4.721819736765541,1.874616108963599
4.647519609739164,2.6697309248833667
4.590500146980994,3.3285755832959443
4.64789277118583,3.968675762936188
4.667320958613637,4.764398185643746
4.672419345328,5.023285419873958
4.629526845307855,5.822134738232572
4.639966836978731,5.83092523293063
4.184278939484533,6.4884573918987805
3.650692447620515,6.484298271802805
2.8940593904866656,6.418295806899496
2.1003812450200994,6.436325491842302
1.7316949586708212,6.355278033561738

4.606981196703051,1.0867902443642807
4.721819736765541,1.874616108963599
4.647519609739164,2.6697309248833667
4.590500146980994,3.3285755832959443
4.64789277118583,3.968675762936188
4.667320958613637,4.764398185643746
4.672419345328,5.023285419873958
4.629526845307855,5.822134738232572
4.639966836978731,5.83092523293063
4.184278939484533,6.4884573918987805
3.708601924703644,6.5223069830168585

4.606981196703051,1.0867902443642807
4.567970425767935,1.513050195318152
4.473184697690897,2.2881994571601045
4.492357077134122,2.377383331545148
4.451194294001269,3.092008642897432
4.485970123864463,3.878368026562769
4.485997305419055,4.008568313486853
4.476286811372273,4.8085093777568195
4.479853057623021,5.559959676258302
4.547651986110051,6.248614600001976
4.547996078143334,6.395878789134738

4.606981196703051,1.0867902443642807
4.823786550738279,1.8428666507753362
5.065017353658692,2.5789577181026315
5.1908342899003435,2.961606690691589
5.339047038965001,3.4192434762341186
5.587911908568816,4.1795501753214515
5.869246327392601,4.898407496524296
6.0893346888830795,5.285975139501466
6.305995728015675,5.583458753375853
6.563744891146528,6.170748116034511
6.641898454416678,6.344835194621583

5.860030135438947,0.39741886613072475
5.562245874427875,0.8300359322738369
5.244956931049653,1.3382137665998162
4.914074907772276,1.8202109168268363
4.57952186425238,2.275233863907843
3.981298657796309,2.4378868118296406
3.412555806564494,2.4428994788452294
2.9375904884591675,2.5002558176260163
2.142004357669663,2.4163349710181237
1.6239216841807134,2.345795401605103
1.2921261356083575,1.6962741631420926

5.860030135438947,0.39741886613072475
5.715970817513204,0.45144278523150483
5.033546442770199,0.3923650988147942
4.410201604044407,0.44170056263278334
3.7291917966048764,0.41068321138834174

5.860030135438947,0.39741886613072475
6.338012396733175,0.5971174972140356

5.860030135438947,0.39741886613072475
5.562245874427875,0.8300359322738369
5.244956931049653,1.3382137665998162
4.914074907772276,1.8202109168268363
4.57952186425238,2.275233863907843
3.981298657796309,2.4378868118296406
3.412555806564494,2.4428994788452294
2.9375904884591675,2.5002558176260163
2.142004357669663,2.4163349710181237
1.6239216841807134,2.345795401605103

5.860030135438947,0.39741886613072475
5.562245874427875,0.8300359322738369
5.244956931049653,1.3382137665998162
4.723236069691311,1.9446849883601818
4.397612064219127,2.3890447794822878
3.728856270625309,2.614236734911146

5.860030135438947,0.39741886613072475
5.49148761021575,1.1074726719103356
5.2230383580120625,1.6674862213357866
4.8121466840283755,2.2751468389281384

5.860030135438947,0.39741886613072475
6.034047980373197,0.8178742913975546
6.314957608578291,1.3967852261759672
6.473593600890325,1.818822502266392
6.528656461437153,2.36303047648974

5.860030135438947,0.39741886613072475
5.645642268291747,1.1244157134741701
5.467129193567518,1.8640961264707552
5.2306210838917995,2.593666067605504
5.085998419885656,3.2630140053501004
5.03807970092469,3.7868682221048364
4.956860244824275,4.221638612651921
4.902596020755837,4.658223593608978
4.765509306691219,5.296528209076011
4.664687675636332,6.090149654546981
4.02240201163183,6.520533269478671
3.737659471100846,6.565860883650496
3.0014595647326505,6.541714563287924
2.315959587688019,6.437385322934165
1.5190224463657933,6.367448259933499
1.436754125222736,5.717929745873146

5.860030135438947,0.39741886613072475
5.645642268291747,1.1244157134741701
5.467129193567518,1.8640961264707552
5.2306210838917995,2.593666067605504
5.085998419885656,3.2630140053501004
5.03807970092469,3.7868682221048364
4.956860244824275,4.221638612651921
4.902596020755837,4.658223593608978
4.765509306691219,5.296528209076011
4.664687675636332,6.090149654546981
4.02240201163183,6.520533269478671
3.737659471100846,6.565860883650496
3.0014595647326505,6.541714563287924
2.315959587688019,6.437385322934165
1.5190224463657933,6.367448259933499
1.5571386129889055,5.704297982138764
1.9081421884664265,5.339070515715223
2.292589430841887,4.945236286804414

5.860030135438947,0.39741886613072475
5.825109468349911,0.8354367625970327
5.677467623797476,1.6216949172365598
5.533886119953895,2.1883852073014105
5.511927628218309,2.6628408292718686
5.517459371886724,3.352945334711126
5.535073802018273,3.4841615670294153
5.644136113407903,4.276692583605014

5.860030135438947,0.39741886613072475
5.825109468349911,0.8354367625970327
5.677467623797476,1.6216949172365598
5.533886119953895,2.1883852073014105
5.511927628218309,2.6628408292718686
5.517459371886724,3.352945334711126
5.535073802018273,3.4841615670294153
5.644136113407903,4.276692583605014
5.77621835146573,4.357797259157822
6.272295401929788,4.591505227063854

5.860030135438947,0.39741886613072475
5.645642268291747,1.1244157134741701
5.467129193567518,1.8640961264707552
5.2306210838917995,2.593666067605504
5.085998419885656,3.2630140053501004
5.03807970092469,3.7868682221048364
4.956860244824275,4.221638612651921
4.902596020755837,4.658223593608978
4.765509306691219,5.296528209076011
4.664687675636332,6.090149654546981
4.02240201163183,6.520533269478671
3.9655281128657895,6.537286199442435
3.199248648389187,6.714264648208675
2.412700420494603,6.772865732171415
1.681273273270155,6.924389719516648

5.860030135438947,0.39741886613072475
5.645642268291747,1.1244157134741701
5.467129193567518,1.8640961264707552
5.2306210838917995,2.593666067605504
5.085998419885656,3.2630140053501004
5.03807970092469,3.7868682221048364
4.956860244824275,4.221638612651921
4.902596020755837,4.658223593608978
4.765509306691219,5.296528209076011
4.664687675636332,6.090149654546981
4.02240201163183,6.520533269478671
3.737659471100846,6.565860883650496

5.860030135438947,0.39741886613072475
5.825109468349911,0.8354367625970327
5.677467623797476,1.6216949172365598
5.533886119953895,2.1883852073014105
5.511927628218309,2.6628408292718686
5.517459371886724,3.352945334711126
5.532919265055241,4.152795940576508
5.535626352809222,4.758495683873814
5.599172408359641,5.4814034171898705
5.616092016681558,6.279354705215688

5.860030135438947,0.39741886613072475
5.825109468349911,0.8354367625970327
5.677467623797476,1.6216949172365598
5.533886119953895,2.1883852073014105
5.511927628218309,2.6628408292718686
5.517459371886724,3.352945334711126
5.535073802018273,3.4841615670294153
5.644136113407903,4.276692583605014
5.788447276054658,4.697751116540742
6.0336332166463285,5.115251935811187
6.188709835842011,5.403238051075587
6.452959580173232,5.91439757771716
6.711588351620735,6.381096287257993

5.945650866447431,1.1952973624300496
5.522316539184349,1.5796468487169792
5.06400613750078,1.8645304690559508
4.54549859798526,2.242948044455039
3.922406799330382,2.4587128111074197
3.157669803245664,2.5155625479487553
2.42850170341073,2.5004458137916963
1.821925447644615,2.5374448142441395
1.3914213612496176,1.8631553870712017
1.311796649301451,1.6585042249107917

5.945650866447431,1.1952973624300496
5.460411767909313,1.2506304382843554
4.910924681675857,1.3218184778430495
4.531862961075301,1.2907773321504037
3.7348845254564793,1.2213124262008859

5.945650866447431,1.1952973624300496
6.326263207422198,1.146352056347887

5.945650866447431,1.1952973624300496
5.522316539184349,1.5796468487169792
5.06400613750078,1.8645304690559508
4.54549859798526,2.242948044455039
3.922406799330382,2.4587128111074197
3.157669803245664,2.5155625479487553
2.628633492045608,2.6046554489075486
1.9498229150068833,2.6627879135871813
1.7433646880143692,2.71259465783888

5.945650866447431,1.1952973624300496
5.522316539184349,1.5796468487169792
4.89429952091666,2.0636786771865694
4.440467045259147,2.435196774448695
3.726009621644688,2.7806344506370047

5.945650866447431,1.1952973624300496
5.845461250744169,1.3690421705402143
5.426244597502352,2.0504065353588703
5.392631232387413,2.3690654456609486

5.945650866447431,1.1952973624300496
6.066704870806759,1.1886867577014442
6.415360343245089,1.8787082326142808
6.5193918924580965,2.2666020165652943

5.945650866447431,1.1952973624300496
5.845461250744169,1.3690421705402143
5.426244597502352,2.0504065353588703
5.338326277228973,2.8373051647476943
5.248412741103618,3.4321633337745303
5.027969731137423,4.201191863386432
4.782591677432553,4.952453930862237
4.731323834618653,5.377033043917186
4.582793416451995,5.775775454727497
4.392337900099517,6.398385591781969
3.6089561462864026,6.435437858887265
3.42244397941428,6.47089385684696
2.7359461131984655,6.480424321107719
1.9573518177419036,6.558875262971552
1.7354445581088644,6.5963859497910375
1.5680373509566596,6.063052946869034
1.5309950601560596,5.670851966882242

5.945650866447431,1.1952973624300496
5.845461250744169,1.3690421705402143
5.426244597502352,2.0504065353588703
5.338326277228973,2.8373051647476943
5.248412741103618,3.4321633337745303
5.027969731137423,4.201191863386432
4.782591677432553,4.952453930862237
4.731323834618653,5.377033043917186
4.582793416451995,5.775775454727497
4.392337900099517,6.398385591781969
3.6089561462864026,6.435437858887265
3.42244397941428,6.47089385684696
2.7359461131984655,6.480424321107719
1.9573518177419036,6.558875262971552
1.7354445581088644,6.5963859497910375
1.5680373509566596,6.063052946869034
1.5309950601560596,5.670851966882242
1.799112076348258,5.60360631904004
2.2603755951729276,5.574362325196191

5.945650866447431,1.1952973624300496
5.845461250744169,1.3690421705402143
5.426244597502352,2.0504065353588703
5.416266932062971,2.7849870764483358
5.353113443946571,3.5036771169723595
5.297183543224842,4.273152212498411

5.945650866447431,1.1952973624300496
5.845461250744169,1.3690421705402143
5.426244597502352,2.0504065353588703
5.416266932062971,2.7849870764483358
5.543219585404475,3.4232639910561695
5.566109694948442,3.574293871145957
5.633384005681634,4.239018887634682
6.0121761317649,4.612681230927002
6.304725676699504,4.42382834999169

5.945650866447431,1.1952973624300496
5.845461250744169,1.3690421705402143
5.426244597502352,2.0504065353588703
5.338326277228973,2.8373051647476943
5.248412741103618,3.4321633337745303
5.027969731137423,4.201191863386432
4.782591677432553,4.952453930862237
4.731323834618653,5.377033043917186
4.582793416451995,5.775775454727497
4.392337900099517,6.398385591781969
3.6089561462864026,6.435437858887265
3.42244397941428,6.47089385684696
2.7359461131984655,6.480424321107719
1.9573518177419036,6.558875262971552
1.7354445581088644,6.5963859497910375

5.945650866447431,1.1952973624300496
5.845461250744169,1.3690421705402143
5.426244597502352,2.0504065353588703
5.338326277228973,2.8373051647476943
5.248412741103618,3.4321633337745303
5.027969731137423,4.201191863386432
4.782591677432553,4.952453930862237
4.731323834618653,5.377033043917186
4.582793416451995,5.775775454727497
4.392337900099517,6.398385591781969
3.6089561462864026,6.435437858887265

5.945650866447431,1.1952973624300496
5.845461250744169,1.3690421705402143
5.426244597502352,2.0504065353588703
5.338326277228973,2.8373051647476943
5.248412741103618,3.4321633337745303
5.197209686055188,4.226132348837241
5.18823649036796,4.339683986764502
5.074423051291536,5.0916529911809745
4.955990985884289,5.875130827010057
4.927213034558974,6.260410978483836

5.945650866447431,1.1952973624300496
5.845461250744169,1.3690421705402143
5.426244597502352,2.0504065353588703
5.416266932062971,2.7849870764483358
5.543219585404475,3.4232639910561695
5.566109694948442,3.574293871145957
5.633384005681634,4.239018887634682
6.0121761317649,4.612681230927002
6.118694882327793,4.903553650949949
6.433165225454361,5.554295845016042
6.4913958182844,6.35217377932596

4.218625158050557,0.8365581436096394
4.37070046167465,1.3954251269143683
4.6008364378342295,1.9333552389032271
4.334002392273862,2.3311257061491686
3.983272677327102,2.418649985450144
3.4641084690592012,2.610542063490432
2.7558256999663437,2.6228761284951014
2.2368092337370737,2.64527506138332
1.5135391272139116,2.303397374176369
1.0937076660418756,1.6841664717607963

4.218625158050557,0.8365581436096394
3.718679512206412,1.1004122969627221

4.218625158050557,0.8365581436096394
4.632720312135576,0.7998516171521532
5.102581921619443,0.7307922406842497
5.846281176118826,0.6349942466213777
6.269959052208433,0.6557564071392005

4.218625158050557,0.8365581436096394
4.37070046167465,1.3954251269143683
4.6008364378342295,1.9333552389032271
4.334002392273862,2.3311257061491686
3.983272677327102,2.418649985450144
3.4641084690592012,2.610542063490432
2.7558256999663437,2.6228761284951014
2.182222316587145,2.737763262070584
1.5951163113260391,2.850056633469324

4.218625158050557,0.8365581436096394
4.37070046167465,1.3954251269143683
4.6008364378342295,1.9333552389032271
4.334002392273862,2.3311257061491686
3.983272677327102,2.418649985450144
3.676494724964237,2.3833332862564847

4.218625158050557,0.8365581436096394
4.37070046167465,1.3954251269143683
4.466001745363152,1.6836894610986646
4.672106683310849,2.250675536580054

4.218625158050557,0.8365581436096394
4.698388042244572,0.9922501053671705
5.443796445377741,1.2346171173906633
5.900075050240705,1.3879358926174246
6.379633543732284,1.66463152210002
6.478228392017006,2.252958914886519

4.218625158050557,0.8365581436096394
4.37070046167465,1.3954251269143683
4.609270445527568,2.0028434804322166
4.552884986286696,2.6707823728324227
4.619915735920818,3.289134124758931
4.633689458855631,3.7190314569729233
4.5728400728188685,4.307424552844951
4.611211549515489,4.916617274224538
4.639747884337212,5.669801371878575
4.641149194196782,6.228267004974705
3.9326386547411296,6.599767766050992
3.2231168939398085,6.621450254970311
3.0628246400702093,6.654556622846369
2.418585507221902,6.6362138675621205
1.7047649932810285,6.4062291944781
1.5223164197485355,6.176923464711235
1.481532796862113,5.624045553684841

4.218625158050557,0.8365581436096394
4.37070046167465,1.3954251269143683
4.609270445527568,2.0028434804322166
4.552884986286696,2.6707823728324227
4.619915735920818,3.289134124758931
4.633689458855631,3.7190314569729233
4.5728400728188685,4.307424552844951
4.611211549515489,4.916617274224538
4.639747884337212,5.669801371878575
4.641149194196782,6.228267004974705
3.9326386547411296,6.599767766050992
3.2231168939398085,6.621450254970311
3.0628246400702093,6.654556622846369
2.418585507221902,6.6362138675621205
1.7047649932810285,6.4062291944781
1.507737212705786,6.159600891573669
1.764640702449312,5.4019726206138285
2.285714065340633,5.467064977357038

4.218625158050557,0.8365581436096394
4.37070046167465,1.3954251269143683
4.609270445527568,2.0028434804322166
4.552884986286696,2.6707823728324227
4.529898281089441,3.041144849954929
4.424573214696893,3.834181186064067
4.388950380395152,4.28874912476794

4.218625158050557,0.8365581436096394
4.417824114059051,1.2113022478826772
4.715378184416,1.7685943250778267
4.970797284620875,2.4013147152257206
5.195972209386891,3.0524355147049977
5.371890765170984,3.4992454925454286
5.499227718634381,3.885598165718754
5.67064280006812,4.359410772236604
6.335795291755935,4.702253123728061

4.218625158050557,0.8365581436096394
4.37070046167465,1.3954251269143683
4.609270445527568,2.0028434804322166
4.552884986286696,2.6707823728324227
4.619915735920818,3.289134124758931
4.633689458855631,3.7190314569729233
4.5728400728188685,4.307424552844951
4.611211549515489,4.916617274224538
4.639747884337212,5.669801371878575
4.641149194196782,6.228267004974705
3.9326386547411296,6.599767766050992
3.196971160271241,6.7917477923587235
2.4756028938564043,6.906446429820621
1.7423326839941493,7.001809210309842

4.218625158050557,0.8365581436096394
4.37070046167465,1.3954251269143683
4.609270445527568,2.0028434804322166
4.552884986286696,2.6707823728324227
4.619915735920818,3.289134124758931
4.633689458855631,3.7190314569729233
4.5728400728188685,4.307424552844951
4.611211549515489,4.916617274224538
4.639747884337212,5.669801371878575
4.641149194196782,6.228267004974705
3.9326386547411296,6.599767766050992
3.606762122596252,6.796947632571478

4.218625158050557,0.8365581436096394
4.37070046167465,1.3954251269143683
4.609270445527568,2.0028434804322166
4.552884986286696,2.6707823728324227
4.619915735920818,3.289134124758931
4.633689458855631,3.7190314569729233
4.5728400728188685,4.307424552844951
4.611211549515489,4.916617274224538
4.639747884337212,5.669801371878575
4.663873323432857,6.273613296051559

4.218625158050557,0.8365581436096394
4.417824114059051,1.2113022478826772
4.715378184416,1.7685943250778267
4.970797284620875,2.4013147152257206
5.195972209386891,3.0524355147049977
5.371890765170984,3.4992454925454286
5.499227718634381,3.885598165718754
5.67064280006812,4.359410772236604
5.892984476998843,4.862904893157989
6.040874668854242,5.146030252272767
6.26220516633882,5.613712459646904
6.523975391883239,5.990930821302291
6.575710276835665,6.296116098073668

5.620432597462387,1.6949947269660637
5.440321336298278,1.7771155768751223
4.730864565990417,2.1468061110578884
4.386089334371558,2.319238275900899
3.8978789100900832,2.443377205616041
3.1500003622435564,2.5558206611608334
2.365983674125489,2.396704877052601
1.7368792076638402,2.4226091033419834
1.3151955646236422,1.850642135811652
1.3011265548020372,1.5439427981781124

5.620432597462387,1.6949947269660637
4.943312629465082,1.6472033498768104
4.374704653621597,1.5946078452820869
3.7001686034232457,1.554509672182129

5.620432597462387,1.6949947269660637
6.109708299256732,1.5146037561255987
6.491663329026209,1.54833417200143

5.620432597462387,1.6949947269660637
5.440321336298278,1.7771155768751223
4.730864565990417,2.1468061110578884
4.386089334371558,2.319238275900899
3.8978789100900832,2.443377205616041
3.1500003622435564,2.5558206611608334
2.365983674125489,2.396704877052601
1.7368792076638402,2.4226091033419834

5.620432597462387,1.6949947269660637
5.221008873481877,1.9347131479413866
4.61817484878305,2.3078614932108796
4.22575293274584,2.4911336754315605
3.639365408323644,2.6851924057406458

5.620432597462387,1.6949947269660637
5.533513000176181,2.4633042016482323

5.620432597462387,1.6949947269660637
6.109708299256732,1.5146037561255987
6.491663329026209,1.54833417200143
6.418512724030384,2.336101212945648

5.620432597462387,1.6949947269660637
5.432556985300124,2.4726210860580475
5.205986032284584,3.2398665508537867
5.081424215371151,3.5980883351464126
4.833267147297643,4.358626348374654
4.816122638510875,4.919967161223854
4.666640459046761,5.295610064893124
4.550966016999954,6.012504439602268
4.032916235326789,6.622114498335215
3.4104166213668483,6.465673260838998
2.6976868425623444,6.41861551069553
1.9421435612526403,6.46330182601232
1.2851270104715398,6.0518949632290395
1.2526016468162136,5.730062921579606

5.620432597462387,1.6949947269660637
5.432556985300124,2.4726210860580475
5.205986032284584,3.2398665508537867
5.081424215371151,3.5980883351464126
4.833267147297643,4.358626348374654
4.816122638510875,4.919967161223854
4.666640459046761,5.295610064893124
4.550966016999954,6.012504439602268
4.032916235326789,6.622114498335215
3.4104166213668483,6.465673260838998
2.6976868425623444,6.41861551069553
1.9421435612526403,6.46330182601232
1.2851270104715398,6.0518949632290395
1.3361724982059138,5.856753940268966
1.9352986891417028,5.523949545386788
2.4282311699543486,5.609007342560621

5.620432597462387,1.6949947269660637
5.533513000176181,2.4633042016482323
5.556404107482425,3.262976632838838
5.600576953562622,4.029292517409775
5.6402609044949585,4.427598469007154

5.620432597462387,1.6949947269660637
5.533513000176181,2.4633042016482323
5.556404107482425,3.262976632838838
5.600576953562622,4.029292517409775
5.6402609044949585,4.427598469007154
6.251817874514449,4.575101374681461

5.620432597462387,1.6949947269660637
5.432556985300124,2.4726210860580475
5.205986032284584,3.2398665508537867
5.081424215371151,3.5980883351464126
4.833267147297643,4.358626348374654
4.816122638510875,4.919967161223854
4.666640459046761,5.295610064893124
4.550966016999954,6.012504439602268
4.032916235326789,6.622114498335215
3.383631167762177,6.604274752506951
2.684803246856302,6.802548951163215
2.1937634539552353,6.7383768809984765
1.6455495974299263,6.721553626075019

5.620432597462387,1.6949947269660637
5.432556985300124,2.4726210860580475
5.205986032284584,3.2398665508537867
5.081424215371151,3.5980883351464126
4.833267147297643,4.358626348374654
4.756947717867595,5.154977618036146
4.536498577288935,5.7681209181664235
4.487731304078122,6.075348171098283
4.008212812547391,6.670432911095432
3.521069719389631,6.834344246378674

5.620432597462387,1.6949947269660637
5.533513000176181,2.4633042016482323
5.413189727037683,3.1801777220740863
5.294584866445912,3.7198517561339988
5.193356321595177,4.093553570291846
5.101999352342645,4.816494332320879
4.932773070197493,5.444197539866945
4.802616534198913,5.9984378901494635
4.737915676391712,6.270525229851214

5.620432597462387,1.6949947269660637
5.533513000176181,2.4633042016482323
5.556404107482425,3.262976632838838
5.600576953562622,4.029292517409775
5.6402609044949585,4.427598469007154
5.766329951284332,4.651855656693853
6.071330278565677,5.176808763682293
6.290457952680151,5.506624574734958
6.37817943470932,5.844017562988636
6.582500959930792,6.3518297442338545

4.019917714669437,0.6923886342331713
4.125612239653477,1.333406556924039
4.488941653293854,2.0243470234616523
4.5393368743212745,2.328606716977004
3.9130936011432715,2.548580257006537
3.2188055831973372,2.5096984973255303
2.633131197579027,2.383606966916027
1.9034037430007464,2.4017980170633977
1.7908124610903742,2.405523443403225
1.5066162243608092,2.127136192124935
1.1923296663829124,1.6372766938703518

4.019917714669437,0.6923886342331713
3.623155421753899,0.6358952511354293

4.019917714669437,0.6923886342331713
4.817843839128492,0.7499551167186714
5.6167629120763305,0.7915281233475748
6.293688067924128,0.8543564864550067

4.019917714669437,0.6923886342331713
4.125612239653477,1.333406556924039
4.488941653293854,2.0243470234616523
4.47204996874329,2.0466468995347333
4.051834492713248,2.721116777320843
3.2656406214180898,2.740350071521264
2.4704121345977095,2.827594863625826
1.740456496187929,2.933358278842703

4.019917714669437,0.6923886342331713
4.125612239653477,1.333406556924039
4.488941653293854,2.0243470234616523
4.5393368743212745,2.328606716977004
3.9130936011432715,2.548580257006537
3.6075120470370026,2.484681004124678

4.019917714669437,0.6923886342331713
4.125612239653477,1.333406556924039
4.488941653293854,2.0243470234616523
4.5393368743212745,2.328606716977004

4.019917714669437,0.6923886342331713
4.352569496262359,0.7934964996367025
4.865106277997075,1.0282040548794513
5.380512342577196,1.270167710669805
5.887684506802471,1.4746075982188405
6.529549220735268,1.739786878677256
6.488940143944214,2.3804432261807564

4.019917714669437,0.6923886342331713
4.125612239653477,1.333406556924039
4.488941653293854,2.0243470234616523
4.490666827123404,2.8112198894235023
4.477351728267922,3.1156893875747036
4.433495077498226,3.7895728962564945
4.420365693735848,4.227878754786865
4.424880311914645,4.843351758285523
4.3992942386797,5.456279607905419
4.4757464192297425,5.960669123806127
4.296127097518636,6.356849370300662
3.6751634473788743,6.451034104489105
3.058559512221075,6.4099329526176865
2.260292959297943,6.462568591534877
1.7071096972365756,6.432393732901209
1.3519112235802377,5.715571548316909

4.019917714669437,0.6923886342331713
4.125612239653477,1.333406556924039
4.488941653293854,2.0243470234616523
4.490666827123404,2.8112198894235023
4.477351728267922,3.1156893875747036
4.433495077498226,3.7895728962564945
4.420365693735848,4.227878754786865
4.424880311914645,4.843351758285523
4.3992942386797,5.456279607905419
4.4757464192297425,5.960669123806127
4.296127097518636,6.356849370300662
3.6751634473788743,6.451034104489105
3.058559512221075,6.4099329526176865
2.260292959297943,6.462568591534877
1.5446769746979077,6.432575839783199
1.5851501869285722,5.783941331638808
1.7482079659509182,5.64525069036933
2.2721406680732628,5.092581142066457

4.019917714669437,0.6923886342331713
4.125612239653477,1.333406556924039
4.488941653293854,2.0243470234616523
4.592997428510469,2.582180515437868
4.697741606138706,3.2702282494059887
4.839788554133867,3.8385097846107454
4.958980164021741,4.275921873218713

4.019917714669437,0.6923886342331713
4.343436639519629,1.149815186961755
4.473848691309676,1.3746935380324925
4.667178971691321,1.9429445642131182
4.872878730869312,2.3654337387266975
5.182881606943208,2.8714859555181858
5.394337911598122,3.643033900380777
5.533308595633338,4.082001846225219
5.721619501018328,4.408410623346978
6.390208416245394,4.510875261312352

4.019917714669437,0.6923886342331713
4.125612239653477,1.333406556924039
4.488941653293854,2.0243470234616523
4.490666827123404,2.8112198894235023
4.477351728267922,3.1156893875747036
4.433495077498226,3.7895728962564945
4.420365693735848,4.227878754786865
4.424880311914645,4.843351758285523
4.3992942386797,5.456279607905419
4.4757464192297425,5.960669123806127
4.296127097518636,6.356849370300662
3.6751634473788743,6.451034104489105
3.058559512221075,6.4099329526176865
2.260292959297943,6.462568591534877
1.7075872869144852,6.432399505948105

4.019917714669437,0.6923886342331713
4.125612239653477,1.333406556924039
4.488941653293854,2.0243470234616523
4.490666827123404,2.8112198894235023
4.477351728267922,3.1156893875747036
4.433495077498226,3.7895728962564945
4.420365693735848,4.227878754786865
4.424880311914645,4.843351758285523
4.3992942386797,5.456279607905419
4.4757464192297425,5.960669123806127
4.296127097518636,6.356849370300662
3.6751634473788743,6.451034104489105

4.019917714669437,0.6923886342331713
4.125612239653477,1.333406556924039
4.488941653293854,2.0243470234616523
4.592997428510469,2.582180515437868
4.697741606138706,3.2702282494059887
4.7835343812970805,3.902726720990944
4.776494401349342,4.512311759081566
4.842116936226044,5.20537830766826
4.8711010177203695,5.800607524438765
4.882954170324534,6.258177758204334

4.019917714669437,0.6923886342331713
4.343436639519629,1.149815186961755
4.473848691309676,1.3746935380324925
4.667178971691321,1.9429445642131182
4.872878730869312,2.3654337387266975
5.182881606943208,2.8714859555181858
5.394337911598122,3.643033900380777
5.533308595633338,4.082001846225219
5.721619501018328,4.408410623346978
6.001467573691134,4.979278350700439
6.299392691712527,5.593953588760996
6.373942724546199,5.749766428705561
6.422659276168352,6.314598908526092

