5.248773417675104414e-01 7.440422395213619478e-01 5.802092412269812094e+00 4.439953397219839282e+00
7.072083659293762814e+00 1.428912511220708836e+00 6.721255563917811759e-01 5.951862631391477976e-01
5.869883818977770673e+00 4.586905906708350855e+00 4.339150452028375682e+00 7.121559939765928604e+00
1.113087277695687938e+00 8.241419807019354504e-01 3.356034004937810789e+00 2.627914606307793832e+00
8.981185202194705841e-01 2.829710723725551880e+00 3.225460208120708661e+00 1.442593164766506675e+00
4.197556437372296778e-01 3.099360530184199547e+00 6.566945066671380893e+00 1.993345995725472442e+00
4.148047594559065576e-01 7.315853808876546793e+00 2.541091360751725592e+00 4.406425057573155613e+00
5.412108119904422310e+00 5.101763243766346712e+00 4.378749551019907926e+00 4.593203824146422143e+00
4.193767771059537242e-01 2.638362011845992061e+00 2.722230781204099337e+00 4.933952643416396278e+00
7.789721362756072409e-01 8.369613233980051081e-01 4.298249702923382820e+00 6.814649685623153097e+00
6.308070093772625064e+00 4.711063082635392973e+00 4.257116032625529733e+00 7.698574060295404475e-01
6.784779738935475812e+00 1.745443382043462055e+00 2.206589295584166166e+00 6.904365401334856323e+00
4.062517326240003834e-01 2.229244298344958075e+00 7.097182038773357071e+00 5.202764054503260738e+00
4.855274832755450021e+00 3.830814032077499931e+00 5.771004745236907318e-01 4.853914422993086397e-01
5.044023705458061002e+00 1.201683477734822869e+00 6.765561321257120397e+00 7.588021839411535296e+00
7.235201344869941487e+00 5.759133518727350243e+00 6.941813380195930527e+00 6.390183217783629743e+00
4.419714264308822749e+00 7.254112216849614825e+00 6.663493778637270992e+00 4.859516164038345742e+00
1.756218134019631227e+00 4.890829659754442282e+00 5.496989959922913282e-01 6.561997928405070013e+00
4.077075814549760979e-01 7.682030980925607544e+00 7.572247005256078189e+00 7.145759214421363303e+00
2.969743336543161583e+00 7.586639702363361160e+00 2.620483112665237257e+00 7.848834721262831771e-01
2.524349900834534033e+00 7.470756177813984600e+00 6.883475151546210036e+00 5.078803977380743184e+00
2.650382315724181925e+00 5.264999150317581034e+00 2.450083924421839754e+00 6.132898891913649564e-01
4.385458017015515964e+00 2.877817144959227691e-01 2.413828933539242882e+00 3.041030915090065179e+00
1.031571529545981747e+00 6.618273177829783194e+00 6.798666871877156126e+00 1.981590106706223153e+00
7.528083281078748357e+00 4.871700928646464313e+00 1.504906902491420340e+00 6.739350886676529484e+00
3.114426403544760191e+00 5.182047862279932637e-01 6.331994080987456641e+00 5.237774248001088928e+00
5.294682505825230479e+00 4.213116873349068925e+00 5.718034247432504102e+00 9.207021835914500629e-01
3.420107804859371825e+00 2.494314527386773062e+00 3.026810457013969113e+00 2.997701791005213501e+00
1.319663767156936007e+00 5.941829798063166912e+00 6.043469832911235073e+00 4.335131212406604373e-01
7.633854307117810656e+00 2.932726067520992519e+00 7.449029307953412449e+00 7.443693671133472023e+00
6.774695629794964535e-01 4.599589675552494761e+00 7.531008863986222046e+00 3.366949148343605813e+00
1.411031011417955616e+00 1.440292045475196181e+00 4.028971302590882431e+00 2.722611506446527052e+00
7.098762563362880584e+00 5.307924838616668861e-01 6.867711120945967807e+00 6.956972281286597060e+00
1.585393766301408158e+00 2.180218890096697670e+00 5.447393731556585905e+00 6.519468937616043291e+00
5.149173432641521053e+00 4.586904924577306919e-01 9.663163171358921666e-01 6.480673877235732405e+00
3.088573281398939496e+00 4.918690739582084248e+00 6.732903827286042642e+00 1.825953913979570631e+00
5.605355842799541577e+00 3.100830795321354749e+00 5.303782999306227097e+00 7.194784624955629759e+00
3.686141203763162455e+00 7.200769415303609478e+00 7.572394052348837334e+00 7.359551002898273353e+00
3.419129023438605586e+00 1.386378077799106157e+00 7.441667219147927170e+00 2.469850974086199358e+00
1.553285716038506514e+00 2.191771226445986098e+00 5.781979047363163815e+00 1.504469235816707551e+00
1.585278190624899830e+00 2.805780543478479494e+00 2.679558290835688972e+00 1.399704791216931143e+00
5.512580770842191669e+00 6.483821942985644959e+00 5.970015084871369559e-01 2.359709886953384128e+00
1.395321428486876458e+00 4.405192929062319074e+00 5.368397214999720113e+00 5.524515892947392537e+00
1.140571372603857991e+00 7.321256961299578592e+00 7.084710578687030136e+00 3.002302922011326647e+00
1.510481488113080140e+00 3.469532690282075560e+00 3.142708094339330405e+00 7.478426860107729723e+00
5.128701584620982246e+00 1.210985454866966071e+00 5.232117485157553816e+00 1.683375907513143366e+00
4.370520039551200497e+00 7.093676136092711637e+00 2.965984762208730086e+00 6.589982119379516057e+00
6.030668336588697720e+00 4.697981135227075611e-01 7.262172619867871326e+00 3.220093074565183677e+00
1.150768661068233056e+00 5.436563078208551669e-01 2.390807629333371764e+00 5.456139316565978170e+00
5.125423346341244191e+00 2.882810532464533892e+00 7.390795923238157705e+00 7.163935271028647023e+00
7.491277822164176037e+00 2.823994948633366420e+00 4.676117756268803660e+00 4.891819961487570367e+00
1.860851863040025478e+00 6.660813833626227698e+00 3.503400356731325882e+00 3.528339077805331403e+00
1.969409584960062132e+00 4.882821357828612818e+00 4.053124818696566933e+00 1.327548304002154289e+00
1.753939340119528012e+00 2.764982064815167284e+00 6.635157893625392767e+00 3.412383404919297814e+00
4.581366373569873751e+00 5.632723752191253652e+00 6.197942345727098790e+00 1.463279898075516616e+00
7.136650075944649174e+00 5.384705073908431672e+00 7.039628043233443933e+00 6.669248953896093290e+00
1.701355136182752359e+00 5.179740412383055492e+00 5.662585729405291701e+00 4.155562953801875681e-01
4.363993611213522250e+00 7.214675433834821128e+00 4.674352221041144340e+00 1.544120153242276361e+00
4.967571498304284461e+00 8.756657457852010662e-01 5.103112839046307414e+00 7.267943023777053924e+00
4.109783893240042119e+00 1.590850890732045109e+00 2.602174751002738873e+00 7.339226831690760733e+00
4.470382933784557089e+00 4.190805724271022825e+00 5.198498647388336558e-01 6.346332321640845819e+00
1.182442617490278458e+00 7.226213295994003971e+00 5.399247229323485442e+00 3.245023757083633775e+00
4.742229677404248278e+00 1.927119709785666046e+00 6.776500041259816420e+00 3.257825365916723559e+00
1.993613601115702183e+00 4.751685237495770764e+00 5.603538698376544502e+00 5.657110137063953381e+00
7.285556786078369207e+00 7.168876580022012668e+00 7.109409192608025840e+00 6.330646407479217253e+00
1.521174214095638577e+00 4.511871391186216051e+00 6.590295516078471749e+00 9.884221925125913355e-01
4.276720041230238856e+00 3.081067730794844639e+00 6.505911962221317957e+00 2.989476964875410481e+00
1.521762675800355069e+00 7.277413507635524859e+00 5.280099218540177386e-01 1.708146858715083205e+00
6.038864458223797804e+00 4.703243141385716974e+00 8.796197325130656886e-01 6.964411623640857307e+00
3.608008332219073022e+00 4.563196943537230155e+00 3.974858907712970790e+00 9.204519099520772629e-01
6.701053888241298218e+00 6.332752016927457817e+00 7.627844111823970374e-01 1.445394914505657713e+00
3.150743099259059932e+00 3.163302010212504012e+00 4.613427555261829127e+00 5.496210075605244327e+00
4.899262091834385657e+00 3.401465900464871961e+00 4.272888675313996631e-01 2.353174046886912674e+00
7.486435819714923667e+00 2.637179248499177397e+00 5.869390932994917875e+00 5.499837302625510738e+00
1.885848338905375954e+00 3.243350764310885204e+00 1.816933800548247824e+00 4.745992646979929397e+00
4.100014459329523575e+00 2.664423673561897132e+00 7.728472341568797255e+00 3.176618550872888580e+00
2.302401158203667642e+00 2.661552996772253987e+00 4.790909585707049168e+00 6.508665802181393900e+00
5.605459545188147708e+00 3.320688065909455311e+00 1.152569197649512489e+00 4.723563215974129648e+00
4.681945311766076756e+00 1.820975976891852532e+00 3.568284985713498170e+00 6.633480050850075749e+00
5.303532767968913930e+00 6.325241125752187443e+00 5.067203241075383779e+00 6.280883005728463253e+00
1.088461129715240006e+00 7.012966103668696327e+00 1.355090259960720411e+00 2.300771177514362886e+00
6.571996125809834055e+00 6.511565550071395592e+00 7.557181634932932823e+00 3.107214229414132500e+00
5.045765264437595654e+00 4.703662704778364123e+00 1.131602836484186803e+00 6.918998319943076680e+00
4.413662606432859903e+00 5.818909941660239227e+00 1.020558224673402847e+00 2.829355671754192780e+00
6.463921977437329103e-01 6.371772035078274499e+00 1.633343491749255749e+00 5.599846008923258900e+00
5.579511265224663674e+00 7.069916066648876951e-01 7.333789761392315754e+00 6.466576427596439025e+00
4.484282259148255179e+00 1.029502717682357460e+00 7.078422481637872465e+00 4.592657315739793411e+00
2.339173974401945966e+00 3.183859238936106006e+00 6.703639122385380844e-01 7.626705114146009379e+00
1.409700392308814720e+00 6.095405357030337257e+00 6.848057848297810501e+00 3.132885153198086137e+00
5.169935204202486645e+00 7.240417537557872762e-01 1.006587102831962177e+00 4.746373756707388480e+00
2.333364409691417674e+00 6.610007483048812027e+00 2.636717728495130864e+00 1.557320805015826259e+00
7.114660179205147372e+00 6.607804540711328833e+00 7.012144043671457716e+00 2.136521768355165385e+00
4.007310408518853784e+00 7.019819558846546848e+00 5.559478706617749566e+00 2.502861843686688736e+00
7.473048866240255883e+00 2.062113894352179955e+00 8.914054408324998402e-01 2.242315328875296387e+00
6.626408826386598783e+00 6.448703069014397826e+00 7.451725144711488502e-01 4.497097253748417955e+00
5.568858515645966456e+00 3.569196885300801814e+00 4.432882046998524173e-01 5.494412572235921388e+00
5.536914694673157555e+00 5.286916154836902138e+00 7.579779261299672832e+00 1.975872357096370546e+00
6.657469454884215487e+00 3.465794396775751185e+00 5.840567679268371393e+00 5.355825686290140553e+00
3.146702478430744243e+00 3.605099579177379887e+00 3.356865333156742626e+00 3.963474161451452926e-01
1.556560370835186946e+00 5.852894118492895537e+00 4.090248952461667642e+00 2.773537946040404378e+00
