7.317020416315542,3.467434382184379
6.537284908060844,1.911777970784213
6.134144274960276,1.5427512506118717
5.225097258788709,1.777788313480896
4.499096190332891,2.359421416458538
3.028943697109627,2.4270735119575795
1.889706112801862,2.4629089009917706
1.6529769159825145,2.277842715066814
1.1149186265411686,1.6171705437996742

7.317020416315542,3.467434382184379
6.537284908060844,1.911777970784213
6.134144274960276,1.5427512506118717
4.3590128762896745,1.4287859209016591
3.6203239728869776,1.3800405325761793

7.317020416315542,3.467434382184379
6.537284908060844,1.911777970784213
6.134144274960276,1.5427512506118717
5.820486751649518,1.4417869086255128
5.620432597462387,1.6949947269660637

7.317020416315542,3.467434382184379
7.150044937374905,1.7299796746523595

7.317020416315542,3.467434382184379
6.537284908060844,1.911777970784213
6.134144274960276,1.5427512506118717
5.225097258788709,1.777788313480896
4.422740237876396,2.2723016000058767
2.876558054143198,2.8658602394905195
1.7283361840834477,2.869601751875803

7.317020416315542,3.467434382184379
6.537284908060844,1.911777970784213
6.134144274960276,1.5427512506118717
5.225097258788709,1.777788313480896
3.712758717996116,2.7188839326047423

7.317020416315542,3.467434382184379
6.537284908060844,1.911777970784213
6.134144274960276,1.5427512506118717
5.820486751649518,1.4417869086255128
5.620432597462387,1.6949947269660637
5.541250398299255,2.3248392592008535

7.317020416315542,3.467434382184379
6.537284908060844,1.911777970784213
6.134144274960276,1.5427512506118717
5.820486751649518,1.4417869086255128
5.620432597462387,1.6949947269660637
5.235129653078934,3.109588203389716
5.032023770277056,3.8309167853141712
4.541556782384722,5.533008503744225
4.3557323798107435,6.247408248061216
4.246354307950315,6.490279627574537
2.7278637501145995,6.57206620970845
2.102129085869687,6.603759061642625
1.4514424317343373,6.191821732229604
1.2240217686371728,5.70422643223259

7.317020416315542,3.467434382184379
6.537284908060844,1.911777970784213
6.134144274960276,1.5427512506118717
5.820486751649518,1.4417869086255128
5.620432597462387,1.6949947269660637
5.235129653078934,3.109588203389716
5.032023770277056,3.8309167853141712
4.541556782384722,5.533008503744225
4.3557323798107435,6.247408248061216
4.246354307950315,6.490279627574537
2.743754849407916,6.434906925357242
1.592861161794295,6.44893043437007
1.6160585217744134,5.876506217384359
1.6734425355679061,5.564855061194839
2.3106771874891687,5.463004623224437

7.317020416315542,3.467434382184379
6.537284908060844,1.911777970784213
6.134144274960276,1.5427512506118717
5.820486751649518,1.4417869086255128
5.620432597462387,1.6949947269660637
5.500448252949053,3.494983977614827
5.441370895761588,4.293151776835348

7.317020416315542,3.467434382184379
6.537284908060844,1.911777970784213
6.134144274960276,1.5427512506118717
5.820486751649518,1.4417869086255128
5.620432597462387,1.6949947269660637
5.526037432679379,2.8422395434797996
5.527313332975228,4.192385091665816
6.307144060746546,4.854532603123581

7.317020416315542,3.467434382184379
6.537284908060844,1.911777970784213
6.134144274960276,1.5427512506118717
5.820486751649518,1.4417869086255128
5.620432597462387,1.6949947269660637
5.235129653078934,3.109588203389716
5.032023770277056,3.8309167853141712
4.541556782384722,5.533008503744225
4.3557323798107435,6.247408248061216
4.246354307950315,6.490279627574537
2.743754849407916,6.434906925357242
1.592861161794295,6.44893043437007

7.317020416315542,3.467434382184379
6.537284908060844,1.911777970784213
6.134144274960276,1.5427512506118717
5.820486751649518,1.4417869086255128
5.620432597462387,1.6949947269660637
5.235129653078934,3.109588203389716
5.032023770277056,3.8309167853141712
4.541556782384722,5.533008503744225
4.3557323798107435,6.247408248061216
4.246354307950315,6.490279627574537
3.6837694311798383,6.887993609767893

7.317020416315542,3.467434382184379
6.537284908060844,1.911777970784213
6.134144274960276,1.5427512506118717
5.820486751649518,1.4417869086255128
5.620432597462387,1.6949947269660637
5.526037432679379,2.8422395434797996
5.527313332975228,4.192385091665816
5.537720335303216,5.353309496940886
5.523930848325133,6.3841230686210375

7.317020416315542,3.467434382184379
6.537284908060844,1.911777970784213
6.134144274960276,1.5427512506118717
5.820486751649518,1.4417869086255128
5.620432597462387,1.6949947269660637
5.541250398299255,2.3248392592008535
5.622313359455259,4.151616021900779
5.783378029398275,4.754794531423147
6.448076278079345,5.944605995830586
6.570630950546698,6.469946775486802

6.515649294361647,3.4238310163444323
6.537284908060844,1.911777970784213
6.134144274960276,1.5427512506118717
5.225097258788709,1.777788313480896
4.499096190332891,2.359421416458538
3.028943697109627,2.4270735119575795
1.889706112801862,2.4629089009917706
1.6529769159825145,2.277842715066814
1.1149186265411686,1.6171705437996742

6.515649294361647,3.4238310163444323
6.537284908060844,1.911777970784213
6.134144274960276,1.5427512506118717
4.3590128762896745,1.4287859209016591
3.6203239728869776,1.3800405325761793

6.515649294361647,3.4238310163444323
6.386089919338158,1.7838137859927627
6.109833136994453,1.3854890927917358
5.620432597462387,1.6949947269660637

6.515649294361647,3.4238310163444323
7.150044937374905,1.7299796746523595

6.515649294361647,3.4238310163444323
6.537284908060844,1.911777970784213
6.134144274960276,1.5427512506118717
5.225097258788709,1.777788313480896
4.422740237876396,2.2723016000058767
2.876558054143198,2.8658602394905195
1.7283361840834477,2.869601751875803

6.515649294361647,3.4238310163444323
6.537284908060844,1.911777970784213
6.134144274960276,1.5427512506118717
5.225097258788709,1.777788313480896
3.712758717996116,2.7188839326047423

6.515649294361647,3.4238310163444323
6.386089919338158,1.7838137859927627
6.109833136994453,1.3854890927917358
5.620432597462387,1.6949947269660637
5.541250398299255,2.3248392592008535

6.515649294361647,3.4238310163444323
6.386089919338158,1.7838137859927627
6.109833136994453,1.3854890927917358
5.620432597462387,1.6949947269660637
5.235129653078934,3.109588203389716
5.032023770277056,3.8309167853141712
4.541556782384722,5.533008503744225
4.3557323798107435,6.247408248061216
4.246354307950315,6.490279627574537
2.7278637501145995,6.57206620970845
2.102129085869687,6.603759061642625
1.4514424317343373,6.191821732229604
1.2240217686371728,5.70422643223259

6.515649294361647,3.4238310163444323
6.386089919338158,1.7838137859927627
6.109833136994453,1.3854890927917358
5.620432597462387,1.6949947269660637
5.235129653078934,3.109588203389716
5.032023770277056,3.8309167853141712
4.541556782384722,5.533008503744225
4.3557323798107435,6.247408248061216
4.246354307950315,6.490279627574537
2.743754849407916,6.434906925357242
1.592861161794295,6.44893043437007
1.6160585217744134,5.876506217384359
1.6734425355679061,5.564855061194839
2.3106771874891687,5.463004623224437

6.515649294361647,3.4238310163444323
6.386089919338158,1.7838137859927627
6.109833136994453,1.3854890927917358
5.620432597462387,1.6949947269660637
5.500448252949053,3.494983977614827
5.441370895761588,4.293151776835348

6.515649294361647,3.4238310163444323
6.386089919338158,1.7838137859927627
6.109833136994453,1.3854890927917358
5.620432597462387,1.6949947269660637
5.526037432679379,2.8422395434797996
5.527313332975228,4.192385091665816
6.307144060746546,4.854532603123581

6.515649294361647,3.4238310163444323
6.386089919338158,1.7838137859927627
6.109833136994453,1.3854890927917358
5.620432597462387,1.6949947269660637
5.235129653078934,3.109588203389716
5.032023770277056,3.8309167853141712
4.541556782384722,5.533008503744225
4.3557323798107435,6.247408248061216
4.246354307950315,6.490279627574537
2.743754849407916,6.434906925357242
1.592861161794295,6.44893043437007

6.515649294361647,3.4238310163444323
6.386089919338158,1.7838137859927627
6.109833136994453,1.3854890927917358
5.620432597462387,1.6949947269660637
5.235129653078934,3.109588203389716
5.032023770277056,3.8309167853141712
4.541556782384722,5.533008503744225
4.3557323798107435,6.247408248061216
4.246354307950315,6.490279627574537
3.6837694311798383,6.887993609767893

6.515649294361647,3.4238310163444323
6.386089919338158,1.7838137859927627
6.109833136994453,1.3854890927917358
5.620432597462387,1.6949947269660637
5.526037432679379,2.8422395434797996
5.527313332975228,4.192385091665816
5.537720335303216,5.353309496940886
5.523930848325133,6.3841230686210375

6.515649294361647,3.4238310163444323
6.386089919338158,1.7838137859927627
6.109833136994453,1.3854890927917358
5.620432597462387,1.6949947269660637
5.541250398299255,2.3248392592008535
5.622313359455259,4.151616021900779
5.783378029398275,4.754794531423147
6.448076278079345,5.944605995830586
6.570630950546698,6.469946775486802

7.462292004088353,2.184105041179274
6.134144274960276,1.5427512506118717
5.225097258788709,1.777788313480896
4.499096190332891,2.359421416458538
3.028943697109627,2.4270735119575795
1.889706112801862,2.4629089009917706
1.6529769159825145,2.277842715066814
1.1149186265411686,1.6171705437996742

7.462292004088353,2.184105041179274
6.134144274960276,1.5427512506118717
4.3590128762896745,1.4287859209016591
3.6203239728869776,1.3800405325761793

7.462292004088353,2.184105041179274
5.820486751649518,1.4417869086255128
5.620432597462387,1.6949947269660637

7.462292004088353,2.184105041179274
7.301938728348954,1.7075782611291315

7.462292004088353,2.184105041179274
6.134144274960276,1.5427512506118717
5.225097258788709,1.777788313480896
4.422740237876396,2.2723016000058767
2.876558054143198,2.8658602394905195
1.7283361840834477,2.869601751875803

7.462292004088353,2.184105041179274
6.134144274960276,1.5427512506118717
5.225097258788709,1.777788313480896
3.712758717996116,2.7188839326047423

7.462292004088353,2.184105041179274
5.820486751649518,1.4417869086255128
5.620432597462387,1.6949947269660637
5.541250398299255,2.3248392592008535

7.462292004088353,2.184105041179274
5.820486751649518,1.4417869086255128
5.620432597462387,1.6949947269660637
5.235129653078934,3.109588203389716
5.032023770277056,3.8309167853141712
4.541556782384722,5.533008503744225
4.3557323798107435,6.247408248061216
4.246354307950315,6.490279627574537
2.7278637501145995,6.57206620970845
2.102129085869687,6.603759061642625
1.4514424317343373,6.191821732229604
1.2240217686371728,5.70422643223259

7.462292004088353,2.184105041179274
5.820486751649518,1.4417869086255128
5.620432597462387,1.6949947269660637
5.235129653078934,3.109588203389716
5.032023770277056,3.8309167853141712
4.541556782384722,5.533008503744225
4.3557323798107435,6.247408248061216
4.246354307950315,6.490279627574537
2.743754849407916,6.434906925357242
1.592861161794295,6.44893043437007
1.6160585217744134,5.876506217384359
1.6734425355679061,5.564855061194839
2.3106771874891687,5.463004623224437

7.462292004088353,2.184105041179274
5.820486751649518,1.4417869086255128
5.620432597462387,1.6949947269660637
5.500448252949053,3.494983977614827
5.441370895761588,4.293151776835348

7.462292004088353,2.184105041179274
5.820486751649518,1.4417869086255128
5.620432597462387,1.6949947269660637
5.526037432679379,2.8422395434797996
5.527313332975228,4.192385091665816
6.307144060746546,4.854532603123581

7.462292004088353,2.184105041179274
5.820486751649518,1.4417869086255128
5.620432597462387,1.6949947269660637
5.235129653078934,3.109588203389716
5.032023770277056,3.8309167853141712
4.541556782384722,5.533008503744225
4.3557323798107435,6.247408248061216
4.246354307950315,6.490279627574537
2.743754849407916,6.434906925357242
1.592861161794295,6.44893043437007

7.462292004088353,2.184105041179274
5.820486751649518,1.4417869086255128
5.620432597462387,1.6949947269660637
5.235129653078934,3.109588203389716
5.032023770277056,3.8309167853141712
4.541556782384722,5.533008503744225
4.3557323798107435,6.247408248061216
4.246354307950315,6.490279627574537
3.6837694311798383,6.887993609767893

7.462292004088353,2.184105041179274
5.820486751649518,1.4417869086255128
5.620432597462387,1.6949947269660637
5.526037432679379,2.8422395434797996
5.527313332975228,4.192385091665816
5.537720335303216,5.353309496940886
5.523930848325133,6.3841230686210375

7.462292004088353,2.184105041179274
5.820486751649518,1.4417869086255128
5.620432597462387,1.6949947269660637
5.541250398299255,2.3248392592008535
5.622313359455259,4.151616021900779
5.783378029398275,4.754794531423147
6.448076278079345,5.944605995830586
6.570630950546698,6.469946775486802

6.925741408749502,2.3765332460723565
6.537284908060844,1.911777970784213
6.134144274960276,1.5427512506118717
5.225097258788709,1.777788313480896
4.499096190332891,2.359421416458538
3.028943697109627,2.4270735119575795
1.889706112801862,2.4629089009917706
1.6529769159825145,2.277842715066814
1.1149186265411686,1.6171705437996742

6.925741408749502,2.3765332460723565
6.537284908060844,1.911777970784213
6.134144274960276,1.5427512506118717
4.3590128762896745,1.4287859209016591
3.6203239728869776,1.3800405325761793

6.925741408749502,2.3765332460723565
6.537284908060844,1.911777970784213
6.134144274960276,1.5427512506118717
5.820486751649518,1.4417869086255128
5.620432597462387,1.6949947269660637

6.925741408749502,2.3765332460723565
7.150044937374905,1.7299796746523595

6.925741408749502,2.3765332460723565
6.537284908060844,1.911777970784213
6.134144274960276,1.5427512506118717
5.225097258788709,1.777788313480896
4.422740237876396,2.2723016000058767
2.876558054143198,2.8658602394905195
1.7283361840834477,2.869601751875803

6.925741408749502,2.3765332460723565
6.537284908060844,1.911777970784213
6.134144274960276,1.5427512506118717
5.225097258788709,1.777788313480896
3.712758717996116,2.7188839326047423

6.925741408749502,2.3765332460723565
6.537284908060844,1.911777970784213
6.134144274960276,1.5427512506118717
5.820486751649518,1.4417869086255128
5.620432597462387,1.6949947269660637
5.541250398299255,2.3248392592008535

6.925741408749502,2.3765332460723565
6.537284908060844,1.911777970784213
6.134144274960276,1.5427512506118717
5.820486751649518,1.4417869086255128
5.620432597462387,1.6949947269660637
5.235129653078934,3.109588203389716
5.032023770277056,3.8309167853141712
4.541556782384722,5.533008503744225
4.3557323798107435,6.247408248061216
4.246354307950315,6.490279627574537
2.7278637501145995,6.57206620970845
2.102129085869687,6.603759061642625
1.4514424317343373,6.191821732229604
1.2240217686371728,5.70422643223259

6.925741408749502,2.3765332460723565
6.537284908060844,1.911777970784213
6.134144274960276,1.5427512506118717
5.820486751649518,1.4417869086255128
5.620432597462387,1.6949947269660637
5.235129653078934,3.109588203389716
5.032023770277056,3.8309167853141712
4.541556782384722,5.533008503744225
4.3557323798107435,6.247408248061216
4.246354307950315,6.490279627574537
2.743754849407916,6.434906925357242
1.592861161794295,6.44893043437007
1.6160585217744134,5.876506217384359
1.6734425355679061,5.564855061194839
2.3106771874891687,5.463004623224437

6.925741408749502,2.3765332460723565
6.537284908060844,1.911777970784213
6.134144274960276,1.5427512506118717
5.820486751649518,1.4417869086255128
5.620432597462387,1.6949947269660637
5.500448252949053,3.494983977614827
5.441370895761588,4.293151776835348

6.925741408749502,2.3765332460723565
6.537284908060844,1.911777970784213
6.134144274960276,1.5427512506118717
5.820486751649518,1.4417869086255128
5.620432597462387,1.6949947269660637
5.526037432679379,2.8422395434797996
5.527313332975228,4.192385091665816
6.307144060746546,4.854532603123581

6.925741408749502,2.3765332460723565
6.537284908060844,1.911777970784213
6.134144274960276,1.5427512506118717
5.820486751649518,1.4417869086255128
5.620432597462387,1.6949947269660637
5.235129653078934,3.109588203389716
5.032023770277056,3.8309167853141712
4.541556782384722,5.533008503744225
4.3557323798107435,6.247408248061216
4.246354307950315,6.490279627574537
2.743754849407916,6.434906925357242
1.592861161794295,6.44893043437007

6.925741408749502,2.3765332460723565
6.537284908060844,1.911777970784213
6.134144274960276,1.5427512506118717
5.820486751649518,1.4417869086255128
5.620432597462387,1.6949947269660637
5.235129653078934,3.109588203389716
5.032023770277056,3.8309167853141712
4.541556782384722,5.533008503744225
4.3557323798107435,6.247408248061216
4.246354307950315,6.490279627574537
3.6837694311798383,6.887993609767893

6.925741408749502,2.3765332460723565
6.537284908060844,1.911777970784213
6.134144274960276,1.5427512506118717
5.820486751649518,1.4417869086255128
5.620432597462387,1.6949947269660637
5.526037432679379,2.8422395434797996
5.527313332975228,4.192385091665816
5.537720335303216,5.353309496940886
5.523930848325133,6.3841230686210375

6.925741408749502,2.3765332460723565
6.537284908060844,1.911777970784213
6.134144274960276,1.5427512506118717
5.820486751649518,1.4417869086255128
5.620432597462387,1.6949947269660637
5.541250398299255,2.3248392592008535
5.622313359455259,4.151616021900779
5.783378029398275,4.754794531423147
6.448076278079345,5.944605995830586
6.570630950546698,6.469946775486802

7.483928108405946,2.244213767963357
6.134144274960276,1.5427512506118717
5.225097258788709,1.777788313480896
4.499096190332891,2.359421416458538
3.028943697109627,2.4270735119575795
1.889706112801862,2.4629089009917706
1.6529769159825145,2.277842715066814
1.1149186265411686,1.6171705437996742

7.483928108405946,2.244213767963357
6.134144274960276,1.5427512506118717
4.3590128762896745,1.4287859209016591
3.6203239728869776,1.3800405325761793

7.483928108405946,2.244213767963357
5.820486751649518,1.4417869086255128
5.620432597462387,1.6949947269660637

7.483928108405946,2.244213767963357
7.5152277997292645,1.6839056406541917

7.483928108405946,2.244213767963357
6.134144274960276,1.5427512506118717
5.225097258788709,1.777788313480896
4.422740237876396,2.2723016000058767
2.876558054143198,2.8658602394905195
1.7283361840834477,2.869601751875803

7.483928108405946,2.244213767963357
6.134144274960276,1.5427512506118717
5.225097258788709,1.777788313480896
3.712758717996116,2.7188839326047423

7.483928108405946,2.244213767963357
5.820486751649518,1.4417869086255128
5.620432597462387,1.6949947269660637
5.541250398299255,2.3248392592008535

7.483928108405946,2.244213767963357
5.820486751649518,1.4417869086255128
5.620432597462387,1.6949947269660637
5.235129653078934,3.109588203389716
5.032023770277056,3.8309167853141712
4.541556782384722,5.533008503744225
4.3557323798107435,6.247408248061216
4.246354307950315,6.490279627574537
2.7278637501145995,6.57206620970845
2.102129085869687,6.603759061642625
1.4514424317343373,6.191821732229604
1.2240217686371728,5.70422643223259

7.483928108405946,2.244213767963357
5.820486751649518,1.4417869086255128
5.620432597462387,1.6949947269660637
5.235129653078934,3.109588203389716
5.032023770277056,3.8309167853141712
4.541556782384722,5.533008503744225
4.3557323798107435,6.247408248061216
4.246354307950315,6.490279627574537
2.743754849407916,6.434906925357242
1.592861161794295,6.44893043437007
1.6160585217744134,5.876506217384359
1.6734425355679061,5.564855061194839
2.3106771874891687,5.463004623224437

7.483928108405946,2.244213767963357
5.820486751649518,1.4417869086255128
5.620432597462387,1.6949947269660637
5.500448252949053,3.494983977614827
5.441370895761588,4.293151776835348

7.483928108405946,2.244213767963357
5.820486751649518,1.4417869086255128
5.620432597462387,1.6949947269660637
5.526037432679379,2.8422395434797996
5.527313332975228,4.192385091665816
6.307144060746546,4.854532603123581

7.483928108405946,2.244213767963357
5.820486751649518,1.4417869086255128
5.620432597462387,1.6949947269660637
5.235129653078934,3.109588203389716
5.032023770277056,3.8309167853141712
4.541556782384722,5.533008503744225
4.3557323798107435,6.247408248061216
4.246354307950315,6.490279627574537
2.743754849407916,6.434906925357242
1.592861161794295,6.44893043437007

7.483928108405946,2.244213767963357
5.820486751649518,1.4417869086255128
5.620432597462387,1.6949947269660637
5.235129653078934,3.109588203389716
5.032023770277056,3.8309167853141712
4.541556782384722,5.533008503744225
4.3557323798107435,6.247408248061216
4.246354307950315,6.490279627574537
3.6837694311798383,6.887993609767893

7.483928108405946,2.244213767963357
5.820486751649518,1.4417869086255128
5.620432597462387,1.6949947269660637
5.526037432679379,2.8422395434797996
5.527313332975228,4.192385091665816
5.537720335303216,5.353309496940886
5.523930848325133,6.3841230686210375

7.483928108405946,2.244213767963357
5.820486751649518,1.4417869086255128
5.620432597462387,1.6949947269660637
5.541250398299255,2.3248392592008535
5.622313359455259,4.151616021900779
5.783378029398275,4.754794531423147
6.448076278079345,5.944605995830586
6.570630950546698,6.469946775486802

7.221409795989106,2.2410123659752204
6.134144274960276,1.5427512506118717
5.225097258788709,1.777788313480896
4.499096190332891,2.359421416458538
3.028943697109627,2.4270735119575795
1.889706112801862,2.4629089009917706
1.6529769159825145,2.277842715066814
1.1149186265411686,1.6171705437996742

7.221409795989106,2.2410123659752204
6.134144274960276,1.5427512506118717
4.3590128762896745,1.4287859209016591
3.6203239728869776,1.3800405325761793

7.221409795989106,2.2410123659752204
6.134144274960276,1.5427512506118717
5.820486751649518,1.4417869086255128
5.620432597462387,1.6949947269660637

7.221409795989106,2.2410123659752204
7.150044937374905,1.7299796746523595

7.221409795989106,2.2410123659752204
6.134144274960276,1.5427512506118717
5.225097258788709,1.777788313480896
4.422740237876396,2.2723016000058767
2.876558054143198,2.8658602394905195
1.7283361840834477,2.869601751875803

7.221409795989106,2.2410123659752204
6.134144274960276,1.5427512506118717
5.225097258788709,1.777788313480896
3.712758717996116,2.7188839326047423

7.221409795989106,2.2410123659752204
6.134144274960276,1.5427512506118717
5.820486751649518,1.4417869086255128
5.620432597462387,1.6949947269660637
5.541250398299255,2.3248392592008535

7.221409795989106,2.2410123659752204
6.134144274960276,1.5427512506118717
5.820486751649518,1.4417869086255128
5.620432597462387,1.6949947269660637
5.235129653078934,3.109588203389716
5.032023770277056,3.8309167853141712
4.541556782384722,5.533008503744225
4.3557323798107435,6.247408248061216
4.246354307950315,6.490279627574537
2.7278637501145995,6.57206620970845
2.102129085869687,6.603759061642625
1.4514424317343373,6.191821732229604
1.2240217686371728,5.70422643223259

7.221409795989106,2.2410123659752204
6.134144274960276,1.5427512506118717
5.820486751649518,1.4417869086255128
5.620432597462387,1.6949947269660637
5.235129653078934,3.109588203389716
5.032023770277056,3.8309167853141712
4.541556782384722,5.533008503744225
4.3557323798107435,6.247408248061216
4.246354307950315,6.490279627574537
2.743754849407916,6.434906925357242
1.592861161794295,6.44893043437007
1.6160585217744134,5.876506217384359
1.6734425355679061,5.564855061194839
2.3106771874891687,5.463004623224437

7.221409795989106,2.2410123659752204
6.134144274960276,1.5427512506118717
5.820486751649518,1.4417869086255128
5.620432597462387,1.6949947269660637
5.500448252949053,3.494983977614827
5.441370895761588,4.293151776835348

7.221409795989106,2.2410123659752204
6.134144274960276,1.5427512506118717
5.820486751649518,1.4417869086255128
5.620432597462387,1.6949947269660637
5.526037432679379,2.8422395434797996
5.527313332975228,4.192385091665816
6.307144060746546,4.854532603123581

7.221409795989106,2.2410123659752204
6.134144274960276,1.5427512506118717
5.820486751649518,1.4417869086255128
5.620432597462387,1.6949947269660637
5.235129653078934,3.109588203389716
5.032023770277056,3.8309167853141712
4.541556782384722,5.533008503744225
4.3557323798107435,6.247408248061216
4.246354307950315,6.490279627574537
2.743754849407916,6.434906925357242
1.592861161794295,6.44893043437007

7.221409795989106,2.2410123659752204
6.134144274960276,1.5427512506118717
5.820486751649518,1.4417869086255128
5.620432597462387,1.6949947269660637
5.235129653078934,3.109588203389716
5.032023770277056,3.8309167853141712
4.541556782384722,5.533008503744225
4.3557323798107435,6.247408248061216
4.246354307950315,6.490279627574537
3.6837694311798383,6.887993609767893

7.221409795989106,2.2410123659752204
6.134144274960276,1.5427512506118717
5.820486751649518,1.4417869086255128
5.620432597462387,1.6949947269660637
5.526037432679379,2.8422395434797996
5.527313332975228,4.192385091665816
5.537720335303216,5.353309496940886
5.523930848325133,6.3841230686210375

7.221409795989106,2.2410123659752204
6.134144274960276,1.5427512506118717
5.820486751649518,1.4417869086255128
5.620432597462387,1.6949947269660637
5.541250398299255,2.3248392592008535
5.622313359455259,4.151616021900779
5.783378029398275,4.754794531423147
6.448076278079345,5.944605995830586
6.570630950546698,6.469946775486802

6.3857021464218615,2.600572216249413
6.537284908060844,1.911777970784213
6.134144274960276,1.5427512506118717
5.225097258788709,1.777788313480896
4.499096190332891,2.359421416458538
3.028943697109627,2.4270735119575795
1.889706112801862,2.4629089009917706
1.6529769159825145,2.277842715066814
1.1149186265411686,1.6171705437996742

6.3857021464218615,2.600572216249413
6.537284908060844,1.911777970784213
6.134144274960276,1.5427512506118717
4.3590128762896745,1.4287859209016591
3.6203239728869776,1.3800405325761793

6.3857021464218615,2.600572216249413
6.386089919338158,1.7838137859927627
6.109833136994453,1.3854890927917358
5.620432597462387,1.6949947269660637

6.3857021464218615,2.600572216249413
6.488432416514875,1.5821241322182609

6.3857021464218615,2.600572216249413
6.537284908060844,1.911777970784213
6.134144274960276,1.5427512506118717
5.225097258788709,1.777788313480896
4.422740237876396,2.2723016000058767
2.876558054143198,2.8658602394905195
1.7283361840834477,2.869601751875803

6.3857021464218615,2.600572216249413
6.537284908060844,1.911777970784213
6.134144274960276,1.5427512506118717
5.225097258788709,1.777788313480896
3.712758717996116,2.7188839326047423

6.3857021464218615,2.600572216249413
6.386089919338158,1.7838137859927627
6.109833136994453,1.3854890927917358
5.620432597462387,1.6949947269660637
5.541250398299255,2.3248392592008535

6.3857021464218615,2.600572216249413
6.386089919338158,1.7838137859927627
6.109833136994453,1.3854890927917358
5.620432597462387,1.6949947269660637
5.235129653078934,3.109588203389716
5.032023770277056,3.8309167853141712
4.541556782384722,5.533008503744225
4.3557323798107435,6.247408248061216
4.246354307950315,6.490279627574537
2.7278637501145995,6.57206620970845
2.102129085869687,6.603759061642625
1.4514424317343373,6.191821732229604
1.2240217686371728,5.70422643223259

6.3857021464218615,2.600572216249413
6.386089919338158,1.7838137859927627
6.109833136994453,1.3854890927917358
5.620432597462387,1.6949947269660637
5.235129653078934,3.109588203389716
5.032023770277056,3.8309167853141712
4.541556782384722,5.533008503744225
4.3557323798107435,6.247408248061216
4.246354307950315,6.490279627574537
2.743754849407916,6.434906925357242
1.592861161794295,6.44893043437007
1.6160585217744134,5.876506217384359
1.6734425355679061,5.564855061194839
2.3106771874891687,5.463004623224437

6.3857021464218615,2.600572216249413
6.386089919338158,1.7838137859927627
6.109833136994453,1.3854890927917358
5.620432597462387,1.6949947269660637
5.500448252949053,3.494983977614827
5.441370895761588,4.293151776835348

6.3857021464218615,2.600572216249413
6.386089919338158,1.7838137859927627
6.109833136994453,1.3854890927917358
5.620432597462387,1.6949947269660637
5.526037432679379,2.8422395434797996
5.527313332975228,4.192385091665816
6.307144060746546,4.854532603123581

6.3857021464218615,2.600572216249413
6.386089919338158,1.7838137859927627
6.109833136994453,1.3854890927917358
5.620432597462387,1.6949947269660637
5.235129653078934,3.109588203389716
5.032023770277056,3.8309167853141712
4.541556782384722,5.533008503744225
4.3557323798107435,6.247408248061216
4.246354307950315,6.490279627574537
2.743754849407916,6.434906925357242
1.592861161794295,6.44893043437007

6.3857021464218615,2.600572216249413
6.386089919338158,1.7838137859927627
6.109833136994453,1.3854890927917358
5.620432597462387,1.6949947269660637
5.235129653078934,3.109588203389716
5.032023770277056,3.8309167853141712
4.541556782384722,5.533008503744225
4.3557323798107435,6.247408248061216
4.246354307950315,6.490279627574537
3.6837694311798383,6.887993609767893

6.3857021464218615,2.600572216249413
6.386089919338158,1.7838137859927627
6.109833136994453,1.3854890927917358
5.620432597462387,1.6949947269660637
5.526037432679379,2.8422395434797996
5.527313332975228,4.192385091665816
5.537720335303216,5.353309496940886
5.523930848325133,6.3841230686210375

6.3857021464218615,2.600572216249413
6.386089919338158,1.7838137859927627
6.109833136994453,1.3854890927917358
5.620432597462387,1.6949947269660637
5.541250398299255,2.3248392592008535
5.622313359455259,4.151616021900779
5.783378029398275,4.754794531423147
6.448076278079345,5.944605995830586
6.570630950546698,6.469946775486802

7.205724371025275,2.104807777352481
6.134144274960276,1.5427512506118717
5.225097258788709,1.777788313480896
4.499096190332891,2.359421416458538
3.028943697109627,2.4270735119575795
1.889706112801862,2.4629089009917706
1.6529769159825145,2.277842715066814
1.1149186265411686,1.6171705437996742

7.205724371025275,2.104807777352481
6.134144274960276,1.5427512506118717
4.3590128762896745,1.4287859209016591
3.6203239728869776,1.3800405325761793

7.205724371025275,2.104807777352481
5.820486751649518,1.4417869086255128
5.620432597462387,1.6949947269660637

7.205724371025275,2.104807777352481
7.150044937374905,1.7299796746523595

7.205724371025275,2.104807777352481
6.134144274960276,1.5427512506118717
5.225097258788709,1.777788313480896
4.422740237876396,2.2723016000058767
2.876558054143198,2.8658602394905195
1.7283361840834477,2.869601751875803

7.205724371025275,2.104807777352481
6.134144274960276,1.5427512506118717
5.225097258788709,1.777788313480896
3.712758717996116,2.7188839326047423

7.205724371025275,2.104807777352481
5.820486751649518,1.4417869086255128
5.620432597462387,1.6949947269660637
5.541250398299255,2.3248392592008535

7.205724371025275,2.104807777352481
5.820486751649518,1.4417869086255128
5.620432597462387,1.6949947269660637
5.235129653078934,3.109588203389716
5.032023770277056,3.8309167853141712
4.541556782384722,5.533008503744225
4.3557323798107435,6.247408248061216
4.246354307950315,6.490279627574537
2.7278637501145995,6.57206620970845
2.102129085869687,6.603759061642625
1.4514424317343373,6.191821732229604
1.2240217686371728,5.70422643223259

7.205724371025275,2.104807777352481
5.820486751649518,1.4417869086255128
5.620432597462387,1.6949947269660637
5.235129653078934,3.109588203389716
5.032023770277056,3.8309167853141712
4.541556782384722,5.533008503744225
4.3557323798107435,6.247408248061216
4.246354307950315,6.490279627574537
2.743754849407916,6.434906925357242
1.592861161794295,6.44893043437007
1.6160585217744134,5.876506217384359
1.6734425355679061,5.564855061194839
2.3106771874891687,5.463004623224437

7.205724371025275,2.104807777352481
5.820486751649518,1.4417869086255128
5.620432597462387,1.6949947269660637
5.500448252949053,3.494983977614827
5.441370895761588,4.293151776835348

7.205724371025275,2.104807777352481
5.820486751649518,1.4417869086255128
5.620432597462387,1.6949947269660637
5.526037432679379,2.8422395434797996
5.527313332975228,4.192385091665816
6.307144060746546,4.854532603123581

7.205724371025275,2.104807777352481
5.820486751649518,1.4417869086255128
5.620432597462387,1.6949947269660637
5.235129653078934,3.109588203389716
5.032023770277056,3.8309167853141712
4.541556782384722,5.533008503744225
4.3557323798107435,6.247408248061216
4.246354307950315,6.490279627574537
2.743754849407916,6.434906925357242
1.592861161794295,6.44893043437007

7.205724371025275,2.104807777352481
5.820486751649518,1.4417869086255128
5.620432597462387,1.6949947269660637
5.235129653078934,3.109588203389716
5.032023770277056,3.8309167853141712
4.541556782384722,5.533008503744225
4.3557323798107435,6.247408248061216
4.246354307950315,6.490279627574537
3.6837694311798383,6.887993609767893

7.205724371025275,2.104807777352481
5.820486751649518,1.4417869086255128
5.620432597462387,1.6949947269660637
5.526037432679379,2.8422395434797996
5.527313332975228,4.192385091665816
5.537720335303216,5.353309496940886
5.523930848325133,6.3841230686210375

7.205724371025275,2.104807777352481
5.820486751649518,1.4417869086255128
5.620432597462387,1.6949947269660637
5.541250398299255,2.3248392592008535
5.622313359455259,4.151616021900779
5.783378029398275,4.754794531423147
6.448076278079345,5.944605995830586
6.570630950546698,6.469946775486802

6.864530815787742,3.002042350330763
6.537284908060844,1.911777970784213
6.134144274960276,1.5427512506118717
5.225097258788709,1.777788313480896
4.499096190332891,2.359421416458538
3.028943697109627,2.4270735119575795
1.889706112801862,2.4629089009917706
1.6529769159825145,2.277842715066814
1.1149186265411686,1.6171705437996742

6.864530815787742,3.002042350330763
6.537284908060844,1.911777970784213
6.134144274960276,1.5427512506118717
4.3590128762896745,1.4287859209016591
3.6203239728869776,1.3800405325761793

6.864530815787742,3.002042350330763
6.537284908060844,1.911777970784213
6.134144274960276,1.5427512506118717
5.820486751649518,1.4417869086255128
5.620432597462387,1.6949947269660637

6.864530815787742,3.002042350330763
7.150044937374905,1.7299796746523595

6.864530815787742,3.002042350330763
6.537284908060844,1.911777970784213
6.134144274960276,1.5427512506118717
5.225097258788709,1.777788313480896
4.422740237876396,2.2723016000058767
2.876558054143198,2.8658602394905195
1.7283361840834477,2.869601751875803

6.864530815787742,3.002042350330763
6.537284908060844,1.911777970784213
6.134144274960276,1.5427512506118717
5.225097258788709,1.777788313480896
3.712758717996116,2.7188839326047423

6.864530815787742,3.002042350330763
6.537284908060844,1.911777970784213
6.134144274960276,1.5427512506118717
5.820486751649518,1.4417869086255128
5.620432597462387,1.6949947269660637
5.541250398299255,2.3248392592008535

6.864530815787742,3.002042350330763
6.537284908060844,1.911777970784213
6.134144274960276,1.5427512506118717
5.820486751649518,1.4417869086255128
5.620432597462387,1.6949947269660637
5.235129653078934,3.109588203389716
5.032023770277056,3.8309167853141712
4.541556782384722,5.533008503744225
4.3557323798107435,6.247408248061216
4.246354307950315,6.490279627574537
2.7278637501145995,6.57206620970845
2.102129085869687,6.603759061642625
1.4514424317343373,6.191821732229604
1.2240217686371728,5.70422643223259

6.864530815787742,3.002042350330763
6.537284908060844,1.911777970784213
6.134144274960276,1.5427512506118717
5.820486751649518,1.4417869086255128
5.620432597462387,1.6949947269660637
5.235129653078934,3.109588203389716
5.032023770277056,3.8309167853141712
4.541556782384722,5.533008503744225
4.3557323798107435,6.247408248061216
4.246354307950315,6.490279627574537
2.743754849407916,6.434906925357242
1.592861161794295,6.44893043437007
1.6160585217744134,5.876506217384359
1.6734425355679061,5.564855061194839
2.3106771874891687,5.463004623224437

6.864530815787742,3.002042350330763
6.537284908060844,1.911777970784213
6.134144274960276,1.5427512506118717
5.820486751649518,1.4417869086255128
5.620432597462387,1.6949947269660637
5.500448252949053,3.494983977614827
5.441370895761588,4.293151776835348

6.864530815787742,3.002042350330763
6.537284908060844,1.911777970784213
6.134144274960276,1.5427512506118717
5.820486751649518,1.4417869086255128
5.620432597462387,1.6949947269660637
5.526037432679379,2.8422395434797996
5.527313332975228,4.192385091665816
6.307144060746546,4.854532603123581

6.864530815787742,3.002042350330763
6.537284908060844,1.911777970784213
6.134144274960276,1.5427512506118717
5.820486751649518,1.4417869086255128
5.620432597462387,1.6949947269660637
5.235129653078934,3.109588203389716
5.032023770277056,3.8309167853141712
4.541556782384722,5.533008503744225
4.3557323798107435,6.247408248061216
4.246354307950315,6.490279627574537
2.743754849407916,6.434906925357242
1.592861161794295,6.44893043437007

6.864530815787742,3.002042350330763
6.537284908060844,1.911777970784213
6.134144274960276,1.5427512506118717
5.820486751649518,1.4417869086255128
5.620432597462387,1.6949947269660637
5.235129653078934,3.109588203389716
5.032023770277056,3.8309167853141712
4.541556782384722,5.533008503744225
4.3557323798107435,6.247408248061216
4.246354307950315,6.490279627574537
3.6837694311798383,6.887993609767893

6.864530815787742,3.002042350330763
6.537284908060844,1.911777970784213
6.134144274960276,1.5427512506118717
5.820486751649518,1.4417869086255128
5.620432597462387,1.6949947269660637
5.526037432679379,2.8422395434797996
5.527313332975228,4.192385091665816
5.537720335303216,5.353309496940886
5.523930848325133,6.3841230686210375

6.864530815787742,3.002042350330763
6.537284908060844,1.911777970784213
6.134144274960276,1.5427512506118717
5.820486751649518,1.4417869086255128
5.620432597462387,1.6949947269660637
5.541250398299255,2.3248392592008535
5.622313359455259,4.151616021900779
5.783378029398275,4.754794531423147
6.448076278079345,5.944605995830586
6.570630950546698,6.469946775486802

7.654651699612244,2.507262069184109
6.134144274960276,1.5427512506118717
5.225097258788709,1.777788313480896
4.499096190332891,2.359421416458538
3.028943697109627,2.4270735119575795
1.889706112801862,2.4629089009917706
1.6529769159825145,2.277842715066814
1.1149186265411686,1.6171705437996742

7.654651699612244,2.507262069184109
6.134144274960276,1.5427512506118717
4.3590128762896745,1.4287859209016591
3.6203239728869776,1.3800405325761793

7.654651699612244,2.507262069184109
6.134144274960276,1.5427512506118717
5.820486751649518,1.4417869086255128
5.620432597462387,1.6949947269660637

7.654651699612244,2.507262069184109
7.670345430412127,1.6836463701066138

7.654651699612244,2.507262069184109
6.134144274960276,1.5427512506118717
5.225097258788709,1.777788313480896
4.422740237876396,2.2723016000058767
2.876558054143198,2.8658602394905195
1.7283361840834477,2.869601751875803

7.654651699612244,2.507262069184109
6.134144274960276,1.5427512506118717
5.225097258788709,1.777788313480896
3.712758717996116,2.7188839326047423

7.654651699612244,2.507262069184109
6.134144274960276,1.5427512506118717
5.820486751649518,1.4417869086255128
5.620432597462387,1.6949947269660637
5.541250398299255,2.3248392592008535

7.654651699612244,2.507262069184109
6.134144274960276,1.5427512506118717
5.820486751649518,1.4417869086255128
5.620432597462387,1.6949947269660637
5.235129653078934,3.109588203389716
5.032023770277056,3.8309167853141712
4.541556782384722,5.533008503744225
4.3557323798107435,6.247408248061216
4.246354307950315,6.490279627574537
2.7278637501145995,6.57206620970845
2.102129085869687,6.603759061642625
1.4514424317343373,6.191821732229604
1.2240217686371728,5.70422643223259

7.654651699612244,2.507262069184109
6.134144274960276,1.5427512506118717
5.820486751649518,1.4417869086255128
5.620432597462387,1.6949947269660637
5.235129653078934,3.109588203389716
5.032023770277056,3.8309167853141712
4.541556782384722,5.533008503744225
4.3557323798107435,6.247408248061216
4.246354307950315,6.490279627574537
2.743754849407916,6.434906925357242
1.592861161794295,6.44893043437007
1.6160585217744134,5.876506217384359
1.6734425355679061,5.564855061194839
2.3106771874891687,5.463004623224437

7.654651699612244,2.507262069184109
6.134144274960276,1.5427512506118717
5.820486751649518,1.4417869086255128
5.620432597462387,1.6949947269660637
5.500448252949053,3.494983977614827
5.441370895761588,4.293151776835348

7.654651699612244,2.507262069184109
6.134144274960276,1.5427512506118717
5.820486751649518,1.4417869086255128
5.620432597462387,1.6949947269660637
5.526037432679379,2.8422395434797996
5.527313332975228,4.192385091665816
6.307144060746546,4.854532603123581

7.654651699612244,2.507262069184109
6.134144274960276,1.5427512506118717
5.820486751649518,1.4417869086255128
5.620432597462387,1.6949947269660637
5.235129653078934,3.109588203389716
5.032023770277056,3.8309167853141712
4.541556782384722,5.533008503744225
4.3557323798107435,6.247408248061216
4.246354307950315,6.490279627574537
2.743754849407916,6.434906925357242
1.592861161794295,6.44893043437007

7.654651699612244,2.507262069184109
6.134144274960276,1.5427512506118717
5.820486751649518,1.4417869086255128
5.620432597462387,1.6949947269660637
5.235129653078934,3.109588203389716
5.032023770277056,3.8309167853141712
4.541556782384722,5.533008503744225
4.3557323798107435,6.247408248061216
4.246354307950315,6.490279627574537
3.6837694311798383,6.887993609767893

7.654651699612244,2.507262069184109
6.134144274960276,1.5427512506118717
5.820486751649518,1.4417869086255128
5.620432597462387,1.6949947269660637
5.526037432679379,2.8422395434797996
5.527313332975228,4.192385091665816
5.537720335303216,5.353309496940886
5.523930848325133,6.3841230686210375

7.654651699612244,2.507262069184109
6.134144274960276,1.5427512506118717
5.820486751649518,1.4417869086255128
5.620432597462387,1.6949947269660637
5.541250398299255,2.3248392592008535
5.622313359455259,4.151616021900779
5.783378029398275,4.754794531423147
6.448076278079345,5.944605995830586
6.570630950546698,6.469946775486802

